timestamp	accelX	accelY	accelZ	gyroX	gyroY	gyroZ	altitude
10	-0,024	-0,067	1,011	-6,588	3,641	5,916	0
110	-0,022	-0,07	1,011	-6,542	3,656	5,901	0
210	-0,023	-0,073	1,012	-6,573	3,687	5,901	0
310	-0,02	-0,076	1,01	-6,622	3,65	5,952	0
410	0,004	-0,079	0,983	-6,602	3,451	6,208	0
510	0,039	-0,108	0,971	-6,62	3,347	6,519	0
610	0,042	-0,122	0,991	-6,617	3,497	6,56	0
710	0,015	-0,107	1,011	-6,591	3,656	6,3	0
810	-0,024	-0,071	1,012	-6,588	3,641	5,916	0
910	-0,018	-0,067	1,012	-6,588	3,611	5,916	0
1010	-0,025	-0,069	1,013	-6,588	3,641	5,886	0
1110	-0,023	-0,071	1,012	-6,603	3,641	5,916	0
1210	-0,02	-0,075	1,012	-6,542	3,641	5,871	0
1310	0,303	0,073	0,438	-6,66	20,653	6,901	0
1410	1,045	1,388	0,402	-58,3	112,528	46,77	0
1510	1,324	1,969	1,219	-69,713	144,387	56,476	0
1610	0,749	1,378	2,038	-47,426	98,092	34,353	0
1710	-0,017	0,45	2,602	-17,175	31,565	4,336	0
1810	-0,351	0,042	2,849	-4,229	2,675	-8,523	0
1910	-0,706	0,116	6,033	-3,414	2,298	-22,114	0
2010	-1,404	0,462	11,798	-5,489	1,291	-3,483	0,22
2110	-1,546	0,423	13,258	-2,59	5,137	20,992	1,54
2210	-1,107	0,289	9,126	0,736	7,929	49,755	4,399
2310	-0,898	0,194	7,873	-4,945	2,469	56,125	8,579
2410	-0,666	0,22	6,863	-21,58	-0,271	69,755	13,694
2510	-0,531	0,188	5,657	-24,101	0,883	82,525	19,809
2610	-0,549	0,103	4,876	-19,365	4,118	98,124	26,792
2710	-0,642	0,021	4,996	-16,573	8,088	121,819	34,78
2810	-0,783	0,025	6,143	-23,623	12,072	156,387	43,623
2910	-0,743	-0,052	5,74	-27,95	13,254	175,991	53,392
3010	-0,705	-0,121	5,478	-28,011	11,545	189,586	63,965
3110	-0,657	-0,101	5,398	-26,516	16,108	204,693	75,351
3210	-0,59	-0,194	5,446	-32,894	18,259	226,65	87,591
3310	-0,617	-0,229	5,459	-31,886	15,037	234,009	100,631
3410	0,381	0,889	5,439	-33,219	19,403	266,235	114,405
3510	0,536	0,408	5,626	-32,108	27,789	287,029	128,903
3610	-0,039	-0,99	5,786	-31,179	33,39	295,039	144,198
3710	-0,595	-1,71	5,718	-33,398	32,593	299,355	159,941
3810	-0,395	-0,178	5,224	-41,87	21,899	309,196	176,453
3910	-0,456	-0,402	5,109	-45,62	24,912	328,899	193,538
4010	-0,365	-0,525	4,773	-46,169	24,088	333,843	210,936
4110	-15,936	1,397	-15,967	-4,818	-496,405	-493,58	228,426
4210	6,81	-12,479	-15,967	-506,802	503,58	-493,58	245,174
4310	-9,551	13,539	-11,541	-123,013	172,257	-166,588	261,332
4410	-0,307	-10,335	24,198	-327,145	-22,336	1766,05	276,954
4510	4,601	-19,55	32,925	-175,739	65,787	2472,252	292,158
4610	5,57	-16,113	22,16	-82,261	42,916	1901,244	306,798
4710	4,43	-7,246	6,498	-12,736	-18,153	744,993	321,001
4810	3,006	-0,251	0,405	63,633	-25,885	-287,373	334,728
4910	2,529	0,189	-0,552	-9,716	-135,9	271,068	348,022
5010	2,05	-0,643	-0,21	69,035	80,729	-239,842	360,911
5110	0,031	0,551	0,563	-1,858	128,87	-82,295	373,432
5210	0,921	0,715	-0,541	136,982	-54,571	187,999	385,59
5310	0,658	-0,314	-0,383	-1,263	-46,196	230,616	397,403
5410	0,726	-0,838	-0,711	221,992	109,479	80,025	408,886
5510	0,629	-0,822	-0,327	245,054	66,67	63,248	420,05
5610	0,544	-0,577	-0,281	139,594	-38,299	152,026	430,91
5710	0,614	-0,258	-0,229	-1,058	-88,125	279,415	441,479
5810	0,984	-0,001	0,147	-83,393	26,505	374,919	451,746
5910	0,435	-0,29	-0,073	-91,091	-22,146	94,341	461,683
6010	0,188	-0,18	-0,016	1,988	0,925	-15,263	471,439
6110	0,305	-0,233	-0,002	33,405	-46,087	-142,048	480,941
6210	0,273	-0,164	-0,127	65,342	9,104	-87,254	490,191
6310	0,223	-0,135	-0,082	-2,181	38,479	-78,735	499,202
6410	0,157	-0,11	-0,075	-52,932	-19,133	-71,155	508,018
6510	0,082	-0,094	-0,008	-45,932	-34,161	-63,392	516,577
6610	0,053	-0,095	0,038	-13,142	-17,736	-62,148	524,92
6710	0,069	-0,109	0,049	17,245	10,976	-70,729	533,053
6810	0,128	-0,129	0,011	17,037	32,809	-92,437	540,984
6910	0,135	-0,156	-0,033	-8,48	40,537	-99,69	548,712
7010	0,124	-0,159	-0,028	-20,168	38,736	-75,55	556,255
7110	0,112	-0,148	0,012	-15,118	29,78	-57,301	563,597
7210	0,101	-0,168	0,077	15,461	23,829	-46,65	570,756
7310	0,105	-0,128	0,024	36,044	11,477	-48,818	577,733
7410	0,09	-0,098	0,05	48,217	-2,169	-36,252	584,536
7510	0,001	-0,039	0,016	51,035	-12,39	-13,899	591,165
7610	-0,069	0,034	-0,044	45,078	-19,758	25,84	597,624
7710	0,021	0,068	-0,112	25,408	-24,339	82,71	603,899
7810	0,409	0,013	-0,171	-12,909	-26,21	156,351	610,062
7910	0,606	-0,076	-0,352	-55,37	-13,525	108,974	616,037
8010	0,847	-0,327	-1,519	7,771	-9,863	131,664	621,858
8110	2,2	-0,742	-5,881	-124,844	61,686	-250,981	627,519
8210	1,668	-0,989	-4,337	211,414	340,616	-105,564	633,041
8310	1,414	-0,365	-2,497	77,031	-258,824	6,244	638,418
8410	0,301	-0,185	0,506	-14,511	142,061	-319,838	643,648
8510	0,305	-0,21	0,847	-16,484	318,526	-399,052	648,738
8610	0,326	-0,177	0,103	57,67	291,335	-274,125	653,693
8710	0,478	-0,199	-0,898	103,501	159,827	-144,935	658,495
8810	0,84	-0,379	-1,307	21,458	21,113	-204,136	663,195
8910	0,632	-0,318	-1,09	59,879	-48,315	-153,096	667,741
9010	0,551	-0,293	-0,902	54,386	-24,13	-93,861	672,152
9110	0,497	-0,277	-1,058	26,63	-71,142	-63,649	676,423
9210	0,519	-0,235	-0,958	21,336	8,219	-96,104	680,581
9310	0,465	-0,197	-0,79	54,708	-14,406	-104,967	684,621
9410	0,529	-0,271	-0,823	60,931	-31,545	-148,636	688,528
9510	0,519	-0,296	-0,847	58,21	-27,661	-134,977	692,319
9610	0,486	-0,292	-0,866	47,271	-10,562	-101,948	695,987
9710	0,451	-0,278	-0,879	34,98	8,897	-70,482	699,542
9810	0,434	-0,276	-0,887	28,201	19,859	-61,501	702,968
9910	0,464	-0,268	-0,908	22,739	-31,378	-56,431	706,282
10010	0,518	-0,292	-0,978	22,755	-21,398	-121,937	709,477
10110	0,694	-0,311	-1,049	33,665	-43,798	-150,944	712,554
10210	0,606	-0,267	-0,984	64,411	-39,816	-152,577	715,522
10310	0,602	-0,287	-1,017	66,15	8,19	-140,202	718,378
10410	0,642	-0,288	-1,189	59,073	-10,286	-127,999	721,117
10510	0,593	-0,277	-1,233	57,13	-24,287	-108,2	723,754
10610	0,505	-0,258	-1,178	57,766	-30,126	-84,946	726,288
10710	0,457	-0,249	-1,083	54,073	-24,497	-71,771	728,698
10810	0,527	-0,266	-1,007	39,144	-4,098	-82,21	730,997
10910	0,543	-0,25	-0,988	33,436	-15,097	-96,424	733,207
11010	0,522	-0,246	-0,877	49,412	-12,564	-127,446	735,295
11110	0,56	-0,272	-0,893	56,294	-34,429	-139,149	737,297
11210	0,535	-0,295	-0,763	43,11	-29,974	-162,22	739,179
11310	0,511	-0,297	-0,84	51,385	-12,142	-116,342	740,95
11410	0,389	-0,243	-0,746	63,514	-35,111	-24,998	742,633
11510	0,438	-0,256	-0,792	47,635	-7,971	-47,953	744,208
11610	0,526	-0,249	-0,903	27,262	-43,088	-86,891	745,68
11710	0,55	-0,259	-0,962	39,149	-12,711	-102,854	747,049
11810	0,504	-0,253	-0,93	37,629	-49,722	-92,273	748,317
11910	0,487	-0,272	-0,914	45,948	-15,493	-95,265	749,483
12010	0,54	-0,285	-0,961	41,096	28,513	-123,783	750,549
12110	0,538	-0,272	-0,873	46,436	-10,183	-109,639	751,517
12210	0,492	-0,25	-0,773	51,533	-14,074	-114,247	752,388
12310	0,521	-0,259	-0,848	27,969	-21,396	-104,868	753,159
12410	0,472	-0,249	-0,952	38,448	-23,759	-48,493	753,83
12510	0,419	-0,243	-0,872	32,929	-2,687	-43,901	754,403
12610	0,417	-0,239	-0,805	32,841	1,836	-64,722	754,878
12710	0,467	-0,288	-0,889	29,661	-13,969	-102,059	755,254
12810	0,544	-0,308	-0,919	30,353	-9,697	-121,694	755,534
12910	0,56	-0,281	-0,896	25,82	-7,84	-112,232	755,716
13010	0,52	-0,259	-0,958	30,78	-25,036	-73,755	755,802
13110	0,519	-0,24	-1,04	37,481	-11,269	-43,65	755,792
13210	0,521	-0,24	-1,073	24,539	-5,151	-45,083	755,688
13310	0,466	-0,241	-1,065	19,941	-20,199	-43,708	755,486
13410	0,449	-0,265	-1,07	22,796	5,72	-53,326	755,19
13510	0,483	-0,304	-1,083	15,34	25,111	-77,994	754,798
13610	0,497	-0,333	-1,034	21,401	-6,211	-62,709	754,307
13710	0,55	-0,355	-1,064	20,22	-6,612	-47,526	753,72
13810	0,552	-0,336	-1,071	-9,502	-4,356	-47,018	753,032
13910	0,539	-0,301	-1,055	-10,214	-22,491	-17,611	752,239
14010	0,518	-0,273	-1,034	13,928	-7,643	-11,408	751,356
14110	0,54	-0,263	-1,055	17,066	-1,985	-43,346	750,369
14210	0,562	-0,272	-1,075	16,577	-15,618	-55,549	749,285
14310	0,49	-0,268	-0,998	17,351	-13,287	-31,85	748,106
14410	0,467	-0,259	-0,981	5,51	11,144	-6,655	746,831
14510	0,493	-0,25	-1,012	-6,074	20,647	2,789	745,464
14610	0,51	-0,243	-1,055	-4,71	-0,419	7,021	744,012
14710	0,472	-0,239	-1,004	-0,158	-3,597	2,541	742,466
14810	0,47	-0,25	-1,017	-0,375	20,35	-3,342	740,824
14910	0,468	-0,254	-0,988	-7,98	23,423	1,014	739,083
15010	0,445	-0,25	-0,927	-16,615	4,862	20,857	737,259
15110	0,454	-0,244	-0,933	-22,26	6,586	41,917	735,326
15210	0,444	-0,23	-0,866	-20,252	25,568	50,977	733,317
15310	0,443	-0,222	-0,827	-13,556	22,129	49,851	731,196
15410	0,435	-0,233	-0,829	-19,587	2,278	36,822	729,018
15510	0,427	-0,249	-0,827	-30,332	6,93	25,269	726,723
15610	0,449	-0,261	-0,857	-25,494	18,351	44,822	724,365
15710	0,474	-0,267	-0,876	-20,307	13,122	68,957	721,912
15810	0,452	-0,262	-0,867	-28,291	9,773	60,065	719,373
15910	0,45	-0,261	-0,888	-30,301	22,363	36,182	716,746
16010	0,452	-0,267	-0,897	-16,269	24,582	26,828	715,22
16110	0,445	-0,278	-0,884	-13,594	7,717	24,289	714,336
16210	0,421	-0,281	-0,854	-22,096	8,763	25,806	713,672
16310	0,414	-0,277	-0,846	-23,131	28,198	29,879	713,113
16410	0,435	-0,271	-0,862	-16,264	26,079	31,581	712,608
16510	0,41	-0,268	-0,812	-9,828	4,107	30,021	712,138
16610	0,388	-0,264	-0,768	-14,852	6,95	12,92	711,68
16710	0,407	-0,277	-0,834	-17,02	20,849	5,297	711,237
16810	0,44	-0,28	-0,84	-12,09	16,899	11,207	710,797
16910	0,44	-0,272	-0,839	-10,228	3,204	15,458	710,36
17010	0,46	-0,289	-0,921	-16,977	-1,374	12,056	709,925
17110	0,473	-0,295	-0,958	-22,605	11,925	0,089	709,492
17210	0,513	-0,3	-1,034	-16,34	9,911	0,246	709,059
17310	0,535	-0,305	-1,08	-10,95	-4,579	3,786	708,626
17410	0,523	-0,301	-1,064	-17,691	-5,567	-2,716	708,194
17510	0,562	-0,307	-1,117	-22,734	-1,898	-5,321	707,761
17610	0,614	-0,323	-1,257	-13,271	-9,5	14,018	707,328
17710	0,59	-0,311	-1,213	-14,448	-8,546	15,081	706,894
17810	0,579	-0,296	-1,17	-25,014	-2,544	-2,25	706,461
17910	0,569	-0,284	-1,142	-17,263	-5,265	7,142	706,027
18010	0,538	-0,264	-1,04	-4,829	-8,224	28,498	705,594
18110	0,539	-0,267	-1,048	-11,318	-11,604	31,518	705,161
18210	0,505	-0,257	-0,975	-22,82	1,044	14,89	704,727
18310	0,525	-0,262	-1,011	-16,827	-4,759	20,956	704,294
18410	0,565	-0,284	-1,132	-7,425	-13,779	38,73	703,86
18510	0,543	-0,278	-1,083	-10,722	0,567	35,344	703,426
18610	0,525	-0,268	-1,041	-16,473	3,514	24,245	702,992
18710	0,52	-0,271	-1,026	-10,584	-3,436	25,097	702,56
18810	0,501	-0,27	-0,984	-3,974	-10,588	37,067	702,13
18910	0,501	-0,271	-0,998	-10,531	-4,992	37,268	701,698
19010	0,512	-0,278	-1,036	-16,322	-0,722	32,224	701,265
19110	0,522	-0,281	-1,066	-9,949	-3,7	33,477	700,83
19210	0,489	-0,273	-0,991	-6,213	-11,2	33,357	700,396
19310	0,436	-0,262	-0,901	-11,197	-7,777	24,923	699,962
19410	0,419	-0,249	-0,855	-12,922	1,49	17,918	699,529
19510	0,419	-0,246	-0,856	-9,156	-3,208	19,155	699,096
19610	0,4	-0,244	-0,83	-6,507	-8,533	20,978	698,664
19710	0,4	-0,247	-0,846	-2,781	6,194	17,106	698,232
19810	0,391	-0,237	-0,816	-0,637	8,997	14,182	697,8
19910	0,357	-0,22	-0,726	1,615	5,565	12,423	697,367
20010	0,321	-0,219	-0,664	-1,459	10,006	-0,936	696,933
20110	0,418	-0,267	-0,941	-1,161	10,07	-6,043	696,499
20210	0,517	-0,307	-1,196	7,571	17,028	-2,294	696,065
20310	0,481	-0,297	-1,101	14,911	12,468	8,218	695,631
20410	0,447	-0,299	-1,023	3,589	11,229	-2,629	695,197
20510	0,436	-0,295	-0,958	-12,623	18,214	-25,901	694,764
20610	0,407	-0,281	-0,863	2,519	14,566	-10,34	694,331
20710	0,42	-0,279	-0,823	5,396	12,666	-18,983	693,899
20810	0,468	-0,284	-0,882	-7,744	-0,781	-35,837	693,468
20910	0,471	-0,288	-0,919	-6,676	-0,873	-21,636	693,037
21010	0,464	-0,27	-0,868	-9,967	0,208	-6,98	692,606
21110	0,477	-0,262	-0,9	-12,258	0,851	-4,219	692,175
21210	0,493	-0,254	-0,952	-5,961	-9,606	6,534	691,743
21310	0,478	-0,248	-0,921	-10,757	-13,305	1,779	691,309
21410	0,486	-0,252	-0,956	-10,055	0,748	2,7	690,875
21510	0,509	-0,257	-1,009	-4,096	0,499	19,151	690,44
21610	0,507	-0,253	-0,993	-10,484	-4,697	23,502	690,007
21710	0,502	-0,247	-0,963	-12,478	-3,91	37,095	689,574
21810	0,522	-0,257	-0,992	-16,33	0,969	37,522	689,143
21910	0,54	-0,264	-1,047	-17,451	-5,202	38,183	688,711
22010	0,546	-0,272	-1,075	-13,917	-9,342	48,465	688,279
22110	0,546	-0,284	-1,072	-18,382	1,62	39,518	687,847
22210	0,528	-0,283	-1,058	-19,793	1,735	35,627	687,414
22310	0,527	-0,291	-1,077	-19,971	-8,19	38,727	686,981
22410	0,511	-0,292	-1,04	-20,912	-3,053	36,538	686,549
22510	0,48	-0,275	-0,98	-17,851	4,888	36,952	686,115
22610	0,472	-0,271	-0,95	-15,796	-2,928	37,509	685,682
22710	0,474	-0,279	-0,971	-18,264	-6,117	30,579	685,249
22810	0,471	-0,282	-0,998	-17,238	-0,464	31,565	684,816
22910	0,455	-0,274	-0,957	-12,414	-0,051	42,072	684,383
23010	0,423	-0,253	-0,879	-15,5	-1,238	37,67	683,949
23110	0,401	-0,238	-0,817	-16,667	4,324	22,677	683,516
23210	0,392	-0,24	-0,808	-10,762	3,956	15,332	683,084
23310	0,394	-0,245	-0,826	-6,6	-3,72	17,465	682,651
23410	0,401	-0,244	-0,831	-5,122	-1,282	23,746	682,219
23510	0,386	-0,234	-0,796	-9,989	0,751	26,849	681,787
23610	0,385	-0,228	-0,803	-10,334	5,728	23,616	681,355
23710	0,417	-0,237	-0,88	-0,868	4,747	21,247	680,924
23810	0,433	-0,243	-0,933	-0,271	-5,668	13,039	680,492
23910	0,423	-0,242	-0,934	-1,96	-0,224	9,014	680,06
24010	0,433	-0,249	-0,96	-2,335	5,925	13,897	679,628
24110	0,437	-0,251	-0,962	-0,341	5,82	15,896	679,195
24210	0,432	-0,247	-0,959	4,991	0,926	17,428	678,763
24310	0,424	-0,25	-0,935	0,461	-0,339	6,185	678,33
24410	0,419	-0,25	-0,935	-4,714	9,818	-9,783	677,897
24510	0,426	-0,256	-0,948	1,831	8,162	-6,057	677,465
24610	0,401	-0,255	-0,882	8,838	-0,126	1,587	677,032
24710	0,394	-0,265	-0,896	5,043	5,772	-5,743	676,599
24810	0,407	-0,285	-0,916	-6,43	5,981	-18,444	676,167
24910	0,403	-0,288	-0,869	-3,291	4,979	-21,355	675,735
25010	0,394	-0,288	-0,808	7,035	6,506	-24,582	675,303
25110	0,426	-0,292	-0,828	5,04	-0,685	-37,343	674,871
25210	0,479	-0,297	-0,921	-0,196	-15,387	-33,354	674,439
25310	0,475	-0,291	-0,934	-2,231	-12,22	-19,063	674,006
25410	0,45	-0,263	-0,872	-3,149	-4,52	-13,479	673,573
25510	0,482	-0,263	-0,923	2,225	-0,282	-22,561	673,14
25610	0,526	-0,276	-1,041	12,108	-9,412	-28,433	672,707
25710	0,516	-0,272	-1,048	14	-11,674	-24,738	672,274
25810	0,483	-0,266	-0,963	3,483	6,845	-23,95	671,841
25910	0,453	-0,251	-0,904	-4,183	0,261	-7,319	671,408
26010	0,473	-0,246	-0,944	-2,749	1,746	3,132	670,976
26110	0,464	-0,247	-0,942	-1,046	5,833	0,509	670,543
26210	0,449	-0,245	-0,928	-6,233	6,477	-11,658	670,111
26310	0,449	-0,244	-0,9	-5,663	11,458	-9,481	669,679
26410	0,432	-0,248	-0,894	-6,643	1,471	12,968	669,247
26510	0,428	-0,248	-0,883	-18,785	5,144	20,008	668,815
26610	0,434	-0,236	-0,855	-19,789	15,247	28,701	668,383
26710	0,431	-0,23	-0,846	-20,042	9,655	29,225	667,951
26810	0,456	-0,239	-0,886	-16,918	7,907	29,744	667,52
26910	0,467	-0,25	-0,905	-18,916	5,598	37,482	667,088
27010	0,459	-0,253	-0,88	-27,543	12,475	39,155	666,657
27110	0,495	-0,255	-0,945	-29,635	7,649	51,681	666,225
27210	0,479	-0,258	-0,907	-31,663	6,691	49,28	665,793
27310	0,456	-0,262	-0,85	-25,839	15,18	47,737	665,361
27410	0,468	-0,266	-0,882	-25,27	11,385	47,285	664,929
27510	0,467	-0,28	-0,914	-27,377	12,44	41,682	664,497
27610	0,46	-0,285	-0,919	-30,26	13,088	41,022	664,065
27710	0,459	-0,28	-0,924	-31,709	16,815	35,355	663,632
27810	0,48	-0,287	-0,975	-22,867	8,701	44,286	663,2
27910	0,476	-0,294	-0,987	-23,732	10,46	37,276	662,769
28010	0,451	-0,287	-0,948	-27,757	19,646	22,967	662,337
28110	0,466	-0,294	-0,989	-20,412	15,961	28,86	661,906
28210	0,483	-0,297	-1,033	-19,554	11,437	30,502	661,474
28310	0,46	-0,296	-0,981	-24,191	9,271	30,445	661,043
28410	0,428	-0,285	-0,891	-18,527	22,879	30,572	660,611
28510	0,431	-0,278	-0,881	-18,755	14,075	24,804	660,18
28610	0,451	-0,294	-0,941	-24,16	2,636	14,601	659,748
28710	0,449	-0,302	-0,952	-24,094	9,785	9,173	659,316
28810	0,474	-0,313	-0,999	-17,419	13,9	17,254	658,884
28910	0,484	-0,316	-1,02	-17,529	12,886	15,329	658,452
29010	0,504	-0,328	-1,075	-27,939	3,145	2,131	658,02
29110	0,517	-0,331	-1,099	-23,821	7,37	4,029	657,588
29210	0,523	-0,325	-1,112	-16,59	11,024	12,052	657,156
29310	0,533	-0,329	-1,127	-18,338	6,704	10,569	656,724
29410	0,511	-0,319	-1,061	-24,25	5,501	1,433	656,292
29510	0,49	-0,309	-1,017	-23,734	4,101	1,589	655,859
29610	0,479	-0,298	-0,969	-14,758	2,286	14,922	655,427
29710	0,487	-0,293	-0,971	-15,43	0,937	17,837	654,995
29810	0,493	-0,292	-0,975	-19,563	-0,297	16,67	654,563
29910	0,5	-0,294	-0,999	-18,894	2,51	15,904	654,13
30010	0,521	-0,297	-1,054	-18,421	-4,05	17,007	653,698
30110	0,511	-0,29	-1,015	-13,749	-7,757	23,363	653,266
30210	0,47	-0,275	-0,936	-12,568	1,455	20,304	652,834
30310	0,48	-0,28	-0,946	-16,992	-4,069	16,918	652,403
30410	0,513	-0,291	-1,013	-17,6	-6,935	15,844	651,971
30510	0,503	-0,29	-1,015	-14,311	-9,217	24,302	651,539
30610	0,497	-0,288	-1,007	-14,083	-3,253	24,334	651,106
30710	0,493	-0,286	-0,996	-12,919	-1,382	20,059	650,674
30810	0,5	-0,287	-1,021	-9,542	-5,614	19,248	650,241
30910	0,501	-0,287	-1,036	-11,747	-4,13	12,567	649,808
31010	0,479	-0,278	-0,986	-6,424	-1,875	20,217	649,376
31110	0,457	-0,27	-0,946	-5,017	0,059	21,252	648,944
31210	0,436	-0,263	-0,9	-11,151	-2,879	9,134	648,513
31310	0,417	-0,255	-0,852	-6,378	2,566	4,124	648,082
31410	0,421	-0,258	-0,862	1,64	6,952	4,543	647,652
31510	0,416	-0,259	-0,837	-0,72	2,53	-1,587	647,222
31610	0,436	-0,268	-0,898	-1,175	10,663	-7,565	646,792
31710	0,466	-0,272	-0,962	-0,286	7,304	-2,367	646,362
31810	0,469	-0,273	-0,972	2,443	8,673	1,469	645,931
31910	0,44	-0,266	-0,905	1,37	18,979	-9,01	645,499
32010	0,437	-0,262	-0,853	-4,935	7,93	-18,595	645,067
32110	0,435	-0,259	-0,845	-8,183	3,793	-22,533	644,635
32210	0,425	-0,252	-0,816	-6,123	6,28	-11,73	644,203
32310	0,431	-0,247	-0,81	-7,674	7,1	-0,695	643,771
32410	0,457	-0,256	-0,869	-14,175	3,433	0,403	643,338
32510	0,46	-0,247	-0,881	-13,97	-4,397	7,869	642,906
32610	0,462	-0,247	-0,881	-14,191	-1,152	13,827	642,474
32710	0,476	-0,256	-0,897	-15,378	3,976	19,928	642,042
32810	0,466	-0,244	-0,869	-15,575	2,45	29,791	641,609
32910	0,482	-0,257	-0,879	-21,311	-0,341	33,457	641,177
33010	0,489	-0,258	-0,882	-25,988	0,17	36,783	640,745
33110	0,504	-0,266	-0,932	-24,967	3,238	41,796	640,314
33210	0,529	-0,287	-1,001	-23,922	-1,869	48,02	639,882
33310	0,525	-0,296	-1,027	-28,351	3,742	40,942	639,45
33410	0,514	-0,292	-1,012	-30,109	13,029	29,595	639,018
33510	0,492	-0,285	-0,961	-24,821	4,498	33,494	638,586
33610	0,488	-0,295	-0,973	-25,488	-1,36	35,767	638,155
33710	0,488	-0,299	-0,997	-28,258	8,373	34,199	637,723
33810	0,486	-0,292	-0,988	-23,549	11,925	38,571	637,291
33910	0,494	-0,292	-1,001	-20,375	7,07	35,292	636,86
34010	0,479	-0,294	-0,988	-24,445	2,301	26,165	636,429
34110	0,482	-0,299	-0,992	-25,838	4,835	24,708	635,998
34210	0,474	-0,294	-0,974	-19,01	9,02	33,879	635,567
34310	0,468	-0,293	-0,976	-18,528	6,058	35,615	635,136
34410	0,465	-0,293	-0,969	-25,399	7,17	21,967	634,705
34510	0,453	-0,292	-0,947	-23,64	4,341	20,588	634,273
34610	0,453	-0,297	-0,958	-17,51	1,302	25,998	633,841
34710	0,452	-0,299	-0,972	-16,797	5,154	23,202	633,409
34810	0,469	-0,304	-1,02	-20,61	3,19	20,187	632,977
34910	0,483	-0,307	-1,043	-20,197	5,256	16,985	632,546
35010	0,457	-0,291	-0,99	-15,295	2,231	17,575	632,114
35110	0,463	-0,293	-1,002	-10,792	-1,833	18,246	631,684
35210	0,449	-0,285	-0,971	-10,207	3,625	11,965	631,253
35310	0,453	-0,283	-0,971	-11,613	5,022	4,382	630,823
35410	0,466	-0,284	-0,999	-4,436	1,55	8,825	630,393
35510	0,434	-0,269	-0,926	-1,821	-2,448	11,907	629,963
35610	0,433	-0,269	-0,918	-5,056	2,345	5,507	629,533
35710	0,435	-0,267	-0,921	-3,568	10,783	-2,969	629,102
35810	0,418	-0,259	-0,86	3,351	4,424	-3,702	628,67
35910	0,436	-0,267	-0,895	6,253	0,238	-5,051	628,238
36010	0,444	-0,273	-0,91	-1,293	7,09	-13,927	627,806
36110	0,424	-0,261	-0,853	-5,855	7,941	-14,042	627,374
36210	0,446	-0,26	-0,885	-2,577	2,984	-7,959	626,942
36310	0,445	-0,266	-0,886	3,17	2,98	-6,531	626,51
36410	0,445	-0,264	-0,871	-0,004	3,492	-10,3	626,079
36510	0,457	-0,259	-0,906	-9,168	3,453	-14,677	625,647
36610	0,439	-0,257	-0,872	-7,689	-1,78	-3,446	625,216
36710	0,454	-0,256	-0,882	-0,678	-0,609	12,428	624,784
36810	0,47	-0,255	-0,927	-4,574	1,395	14,449	624,352
36910	0,473	-0,258	-0,915	-12,692	-1,523	8,91	623,921
37010	0,489	-0,258	-0,94	-11,329	1,125	8,101	623,489
37110	0,485	-0,265	-0,956	-6,476	-0,508	18,388	623,057
37210	0,486	-0,274	-0,968	-6,018	0,806	26,944	622,625
37310	0,466	-0,26	-0,931	-15,81	5,2	18,596	622,193
37410	0,477	-0,266	-0,953	-19,309	1,445	13,309	621,762
37510	0,506	-0,279	-1,017	-9,456	-0,871	21,558	621,33
37610	0,483	-0,278	-0,984	-10,246	3,162	18,428	620,899
37710	0,484	-0,281	-0,988	-14,7	8,412	12,683	620,467
37810	0,49	-0,281	-0,996	-17	5,563	11,938	620,036
37910	0,473	-0,278	-0,956	-13,11	2,288	21,143	619,604
38010	0,466	-0,268	-0,931	-12,79	7,768	20,486	619,173
38110	0,481	-0,267	-0,983	-17,61	8,414	10,264	618,741
38210	0,463	-0,267	-0,939	-14,835	6,048	10,658	618,31
38310	0,413	-0,243	-0,796	-12,57	8,69	13,323	617,879
38410	0,422	-0,244	-0,804	-10,425	5,163	26,686	617,449
38510	0,451	-0,263	-0,882	-16,334	3,852	29,795	617,018
38610	0,444	-0,256	-0,887	-25,222	7,016	21,456	616,586
38710	0,463	-0,257	-0,9	-16,22	9,087	26,364	616,155
38810	0,463	-0,26	-0,891	-7,42	4,587	28,8	615,724
38910	0,446	-0,262	-0,876	-16,003	-1,988	20,971	615,292
39010	0,452	-0,269	-0,899	-23,31	1,305	21,563	614,861
39110	0,459	-0,268	-0,905	-19,388	3,1	33,121	614,429
39210	0,459	-0,27	-0,886	-14,746	2,409	33,451	613,998
39310	0,455	-0,271	-0,901	-17,506	-3,119	24,968	613,566
39410	0,466	-0,279	-0,944	-21,973	2,482	14,058	613,135
39510	0,497	-0,293	-1,013	-16,387	6,015	17,806	612,704
39610	0,51	-0,296	-1,055	-12,01	-1,649	26,524	612,272
39710	0,47	-0,281	-0,966	-13,905	2,39	25,631	611,841
39810	0,432	-0,261	-0,877	-16,47	10,057	19,965	611,41
39910	0,438	-0,264	-0,872	-18,188	6,506	8,973	610,979
40010	0,442	-0,267	-0,882	-11,524	-4,255	13,283	610,548
40110	0,442	-0,271	-0,911	-8,372	-1,086	19,845	610,116
40210	0,477	-0,284	-1,001	-12,542	12,26	15,989	609,685
40310	0,49	-0,288	-1,019	-10,021	10,252	19,204	609,253
40410	0,455	-0,276	-0,919	-8,086	7,118	13,553	608,822
40510	0,421	-0,26	-0,841	-9,135	0,688	10,954	608,391
40610	0,423	-0,263	-0,866	-10,022	3,889	9,803	607,961
40710	0,431	-0,262	-0,872	-11,219	15,876	-2,974	607,531
40810	0,448	-0,263	-0,892	-4,704	1,236	3,924	607,101
40910	0,452	-0,27	-0,907	-4,66	-1,199	5,373	606,67
41010	0,437	-0,258	-0,878	-12,937	6,656	2,371	606,239
41110	0,442	-0,254	-0,862	-14,679	7,981	3,843	605,808
41210	0,455	-0,256	-0,885	-9,307	0,535	5,043	605,376
41310	0,451	-0,253	-0,878	-8,954	-10,23	7,844	604,945
41410	0,435	-0,25	-0,849	-14,657	2,437	5,131	604,513
41510	0,47	-0,261	-0,916	-13,49	4,516	16,371	604,081
41610	0,504	-0,269	-0,997	-13,022	-4,621	23,463	603,649
41710	0,502	-0,271	-1,017	-16,93	-5,05	21,093	603,218
41810	0,488	-0,265	-0,973	-18,816	4,844	18,122	602,788
41910	0,518	-0,272	-1,013	-14,386	3,691	24,556	602,359
42010	0,536	-0,284	-1,055	-15,675	-5,831	31,687	601,931
42110	0,503	-0,268	-0,993	-26,441	-0,014	25,971	601,502
42210	0,469	-0,257	-0,886	-23,281	7,101	28,647	601,073
42310	0,484	-0,27	-0,919	-15,911	-4,239	38,554	600,642
42410	0,511	-0,282	-0,998	-23,038	-11,12	37,738	600,211
42510	0,526	-0,286	-1,047	-28,063	9,986	26,662	599,779
42610	0,545	-0,297	-1,098	-19,367	10,855	27,557	599,348
42710	0,519	-0,292	-1,037	-16,137	-9,063	30,746	598,917
42810	0,487	-0,283	-0,966	-21,306	-0,928	25,261	598,486
42910	0,468	-0,279	-0,923	-22,938	13,157	26,581	598,055
43010	0,474	-0,274	-0,914	-20,569	4,641	30,999	597,624
43110	0,511	-0,288	-0,986	-18,499	-7,31	30,907	597,192
43210	0,489	-0,292	-0,991	-22,939	-6,638	29,021	596,761
43310	0,489	-0,295	-1,005	-19,575	6,382	33,925	596,33
43410	0,51	-0,294	-1,021	-13,321	6,323	37,636	595,899
43510	0,488	-0,293	-0,998	-19,075	-9,609	33,182	595,468
43610	0,464	-0,292	-0,968	-23,498	-2,167	24,358	595,037
43710	0,464	-0,288	-0,964	-15,774	9,447	24,663	594,606
43810	0,465	-0,284	-0,961	-10,582	-2,267	27,358	594,176
43910	0,448	-0,28	-0,935	-15,339	-3,503	18,423	593,745
44010	0,412	-0,271	-0,855	-16,195	0,543	20,473	593,314
44110	0,405	-0,266	-0,825	-9,979	6,846	23,477	592,883
44210	0,418	-0,266	-0,861	-5,815	3,791	18,711	592,451
44310	0,414	-0,264	-0,848	-9,325	-6,57	8,697	592,02
44410	0,398	-0,266	-0,824	-7,853	2,453	1,989	591,589
44510	0,397	-0,268	-0,845	0,75	7,964	8,263	591,158
44610	0,403	-0,262	-0,824	1,689	5,105	3,105	590,727
44710	0,386	-0,255	-0,771	1,174	5,269	-6,813	590,297
44810	0,416	-0,265	-0,825	-1,289	2,992	-13,226	589,87
44910	0,451	-0,282	-0,912	-4,286	0,937	-18,119	589,444
45010	0,449	-0,279	-0,902	1,325	10,817	-19,248	589,02
45110	0,468	-0,268	-0,901	0,982	9,726	-23,522	588,594
45210	0,476	-0,265	-0,916	-0,556	-3,416	-21,134	588,164
45310	0,444	-0,262	-0,855	-5,109	-4,749	-10,749	587,734
45410	0,437	-0,254	-0,823	-10,653	4,827	-3,036	587,302
45510	0,463	-0,249	-0,874	-7,546	4,019	3,857	586,87
45610	0,473	-0,253	-0,917	-4,961	-4,951	7,313	586,44
45710	0,476	-0,247	-0,93	-7,175	-3,522	7,174	586,009
45810	0,47	-0,248	-0,91	-10,679	4,104	16,474	585,579
45910	0,477	-0,261	-0,907	-15,058	3,859	27,185	585,147
46010	0,483	-0,249	-0,904	-19,333	-4,195	39,461	584,716
46110	0,485	-0,247	-0,918	-23,137	1,211	44,442	584,285
46210	0,481	-0,258	-0,91	-24,241	9,448	42,873	583,853
46310	0,511	-0,271	-0,947	-20,385	4,179	48,105	583,422
46410	0,514	-0,281	-0,968	-23,73	6,034	47,44	582,991
46510	0,484	-0,283	-0,923	-30,869	6,69	45,748	582,56
46610	0,492	-0,289	-0,937	-27,6	6,435	52,783	582,13
46710	0,492	-0,298	-0,949	-24,518	7,01	55,442	581,699
46810	0,485	-0,3	-0,963	-28,803	5,257	44,485	581,269
46910	0,5	-0,301	-1,019	-24,454	11,05	36,771	580,839
47010	0,49	-0,308	-1,002	-16,802	9,67	36,705	580,409
47110	0,46	-0,306	-0,949	-21,172	2,538	28,361	579,98
47210	0,453	-0,302	-0,971	-26,214	2,298	24,725	579,55
47310	0,486	-0,31	-1,05	-19,25	8,966	31,987	579,121
47410	0,485	-0,306	-1,047	-15,266	5,362	28,859	578,691
47510	0,442	-0,29	-0,973	-16,608	-1,357	18,534	578,26
47610	0,438	-0,284	-0,96	-14,455	5,481	12,345	577,83
47710	0,433	-0,277	-0,94	-11,483	6,971	12,363	577,399
47810	0,442	-0,276	-0,954	-7,924	4,173	12,824	576,967
47910	0,459	-0,282	-0,995	-5,566	3,007	11,397	576,536
48010	0,457	-0,286	-0,99	-7,592	2,472	7,24	576,105
48110	0,456	-0,284	-0,986	-6,86	4,995	5,5	575,674
48210	0,445	-0,276	-0,967	1,073	2,896	14,039	575,244
48310	0,427	-0,273	-0,914	0,745	7,812	3,923	574,813
48410	0,424	-0,268	-0,903	-3,358	7,265	-9,618	574,382
48510	0,401	-0,264	-0,844	1,671	4,996	-7,515	573,952
48610	0,418	-0,275	-0,85	5,192	7,956	-6,24	573,521
48710	0,432	-0,269	-0,837	-0,754	1,707	-9,598	573,091
48810	0,425	-0,266	-0,837	-5,977	3,886	-15,151	572,661
48910	0,443	-0,27	-0,868	-5,223	1,857	-14,794	572,232
49010	0,464	-0,269	-0,897	-1,476	-1,959	-11,591	571,803
49110	0,486	-0,273	-0,958	-0,956	1,168	-13,537	571,374
49210	0,496	-0,276	-0,973	-7,109	-4,276	-19,557	570,945
49310	0,479	-0,261	-0,937	-9,616	-5,483	-15,416	570,515
49410	0,488	-0,259	-0,972	-3,265	-3,981	4,274	570,085
49510	0,503	-0,262	-1,012	-6,586	-3,213	8,716	569,654
49610	0,493	-0,253	-0,982	-15,066	-7,939	8,112	569,224
49710	0,487	-0,25	-0,972	-12,464	-2,745	18,252	568,793
49810	0,489	-0,254	-0,978	-11,345	-2,472	30,464	568,363
49910	0,497	-0,251	-0,965	-18,242	-6,141	37,617	567,932
50010	0,499	-0,246	-0,959	-23,455	1,499	43,832	567,502
50110	0,504	-0,253	-0,944	-26,172	1,165	52,467	567,072
50210	0,526	-0,267	-0,972	-28,062	-1,682	60,321	566,642
50310	0,54	-0,28	-1,027	-32,428	-0,399	63,063	566,211
50410	0,528	-0,283	-1,021	-35,448	10,398	55,317	565,781
50510	0,513	-0,284	-0,976	-31,636	8,382	55,638	565,35
50610	0,512	-0,298	-0,973	-33,808	0,459	53,802	564,919
50710	0,524	-0,322	-1,033	-38,062	4,728	52,683	564,489
50810	0,532	-0,335	-1,088	-35,957	7,046	60,293	564,061
50910	0,545	-0,342	-1,156	-35,126	8,639	58,011	563,634
51010	0,507	-0,334	-1,122	-39,015	5,313	50,822	563,206
51110	0,474	-0,316	-1,087	-36,177	16,586	43,693	562,777
51210	0,478	-0,303	-1,07	-28,452	17,096	42,482	562,346
51310	0,459	-0,294	-1,031	-29,178	8,174	37,905	561,915
51410	0,434	-0,276	-0,992	-31,157	15,118	33,9	561,484
51510	0,43	-0,258	-0,944	-26,965	14,828	41,51	561,054
51610	0,414	-0,24	-0,854	-20,972	9,938	46,274	560,624
51710	0,392	-0,225	-0,791	-18,391	11,762	39,071	560,194
51810	0,387	-0,223	-0,781	-22,182	9,525	28,079	559,764
51910	0,417	-0,237	-0,837	-22,214	8,335	27,668	559,334
52010	0,444	-0,246	-0,889	-22,293	3,207	34,889	558,904
52110	0,439	-0,244	-0,881	-28,112	1,283	33,633	558,474
52210	0,44	-0,243	-0,881	-26,917	10,422	27,741	558,044
52310	0,463	-0,246	-0,935	-21,039	10,599	21,947	557,615
52410	0,459	-0,253	-0,911	-18,273	0,149	18,956	557,185
52510	0,442	-0,246	-0,874	-19,399	3,005	18,009	556,756
52610	0,445	-0,243	-0,882	-20,038	7,919	23,459	556,327
52710	0,446	-0,242	-0,852	-19,152	3,996	27,553	555,898
52810	0,437	-0,229	-0,831	-17,106	0,588	26,224	555,468
52910	0,443	-0,238	-0,835	-14,944	-2,138	23,131	555,038
53010	0,46	-0,247	-0,886	-16,536	0,206	16,814	554,607
53110	0,466	-0,25	-0,918	-19,26	-0,913	16,359	554,177
53210	0,46	-0,252	-0,895	-20,231	-5,957	18,359	553,747
53310	0,439	-0,238	-0,848	-14,587	-4,315	27,227	553,317
53410	0,488	-0,249	-0,98	-11,755	-0,539	28,283	552,888
53510	0,503	-0,253	-1,021	-12,967	-1,607	19,459	552,458
53610	0,457	-0,24	-0,904	-16,897	-3,023	5,807	552,028
53710	0,44	-0,232	-0,871	-14,357	-4,975	8,483	551,598
53810	0,437	-0,222	-0,861	-2,344	-4,821	36,057	551,168
53910	0,455	-0,217	-0,903	-5,786	2,635	39,888	550,737
54010	0,496	-0,227	-0,997	-13,84	3,145	24,817	550,307
54110	0,522	-0,235	-1,058	-14,557	-5,495	15,453	549,877
54210	0,522	-0,246	-1,087	-11,846	-8,314	25,253	549,448
54310	0,531	-0,238	-1,109	-9,371	-1,49	49,042	549,018
54410	0,552	-0,239	-1,062	-11,743	3,848	54,6	548,589
54510	0,547	-0,243	-1,034	-17,016	1,529	36,378	548,16
54610	0,549	-0,252	-1,09	-16,431	-11,183	31,361	547,73
54710	0,559	-0,266	-1,098	-17,655	-7,128	37,356	547,3
54810	0,542	-0,249	-1,052	-16,279	8,818	47,427	546,87
54910	0,549	-0,262	-1,053	-18,053	2,465	40,164	546,44
55010	0,523	-0,265	-1,014	-20,508	-8,288	20,401	546,009
55110	0,502	-0,262	-1,002	-11,759	-3,119	17,591	545,579
55210	0,504	-0,269	-1,019	-5,28	3,458	22,297	545,149
55310	0,49	-0,252	-0,975	-3,867	1,365	20,463	544,719
55410	0,471	-0,241	-0,931	-7,647	-5,42	6,173	544,289
55510	0,474	-0,249	-0,96	-3,789	-4,743	1,844	543,859
55610	0,482	-0,248	-0,959	6,827	7,701	0,58	543,429
55710	0,456	-0,234	-0,907	12,249	7,643	-5,769	543
55810	0,47	-0,24	-0,943	8,297	-3,167	-15,003	542,57
55910	0,47	-0,244	-0,954	3,993	-1,753	-17,049	542,141
56010	0,449	-0,242	-0,923	5,197	15,893	-14,673	541,712
56110	0,453	-0,235	-0,918	6,265	14,247	-14,412	541,282
56210	0,454	-0,233	-0,92	7,53	-0,681	-12,821	540,852
56310	0,442	-0,237	-0,914	4,418	-0,712	-10,704	540,422
56410	0,441	-0,246	-0,927	-6,7	6,52	-12,6	539,992
56510	0,439	-0,245	-0,92	-9,196	9,159	-10,147	539,562
56610	0,419	-0,231	-0,866	-1,643	-1,468	2,145	539,132
56710	0,425	-0,232	-0,882	-0,529	-5,132	7,039	538,702
56810	0,433	-0,236	-0,895	-9,261	2,932	-0,955	538,272
56910	0,433	-0,242	-0,898	-14,385	2,324	-4,185	537,843
57010	0,431	-0,238	-0,906	-7,496	-7,85	11,937	537,413
57110	0,427	-0,233	-0,891	-3,71	-6,837	25,758	536,984
57210	0,389	-0,217	-0,784	-11,894	4,348	17,556	536,555
57310	0,401	-0,211	-0,79	-14,49	3,274	12,163	536,127
57410	0,439	-0,233	-0,895	-10,065	-3,779	13,461	535,698
57510	0,44	-0,241	-0,92	-7,659	-8,227	24,097	535,27
57610	0,434	-0,238	-0,902	-10,581	-2,282	36,52	534,841
57710	0,433	-0,234	-0,881	-17,699	9,181	30,033	534,413
57810	0,429	-0,219	-0,847	-15,895	3,592	25,085	533,984
57910	0,4	-0,208	-0,782	-11,021	-7,428	28,269	533,555
58010	0,39	-0,21	-0,774	-12,829	-2,507	31,82	533,125
58110	0,414	-0,212	-0,815	-13,841	10,053	38,928	532,695
58210	0,458	-0,22	-0,904	-12,381	7,655	44,134	532,265
58310	0,522	-0,245	-1,046	-14,135	-3,872	39,802	531,836
58410	0,53	-0,245	-1,077	-19,327	-0,624	32,858	531,407
58510	0,505	-0,23	-1,014	-19,206	6,035	44,726	530,978
58610	0,51	-0,241	-0,957	-18,399	3,858	54,577	530,549
58710	0,505	-0,231	-0,927	-24,279	2,485	47,19	530,119
58810	0,51	-0,239	-0,942	-25,523	1,082	39,682	529,689
58910	0,551	-0,275	-1,036	-17,739	-2,981	46,599	529,259
59010	0,535	-0,274	-1,042	-19,413	-1,473	48,117	528,831
59110	0,529	-0,277	-1,031	-23,548	3,595	37,054	528,404
59210	0,526	-0,275	-1,043	-16,231	1,019	35,45	527,978
59310	0,499	-0,272	-1,003	-13,708	-2,524	21,239	527,552
59410	0,485	-0,265	-0,95	-12,632	-4,489	8,19	527,126
59510	0,492	-0,266	-0,98	-6,427	-2,037	5,865	526,699
59610	0,475	-0,259	-0,949	-4,537	2,593	-4,543	526,27
59710	0,465	-0,249	-0,899	1,047	-3,825	-7,248	525,842
59810	0,484	-0,25	-0,949	10,192	-9,468	-0,295	525,413
59910	0,469	-0,243	-0,926	4,132	-0,82	-15,158	524,984
60010	0,468	-0,237	-0,932	1,585	1,352	-22,793	524,556
60110	0,468	-0,235	-0,926	11,308	0,513	-16,623	524,127
60210	0,456	-0,241	-0,945	13,904	5,446	-20,453	523,698
60310	0,478	-0,251	-1,016	10,167	2,706	-17,828	523,268
60410	0,483	-0,26	-1,011	-1,202	1,698	-23,71	522,839
60510	0,43	-0,249	-0,932	-4,528	-0,559	-17,098	522,409
60610	0,412	-0,244	-0,884	0,451	4,964	-4,475	521,98
60710	0,426	-0,241	-0,904	1,893	9,184	-4,729	521,55
60810	0,434	-0,248	-0,934	0,397	-2,596	-2,738	521,12
60910	0,429	-0,268	-0,928	-5,814	-6,335	-4,177	520,691
61010	0,421	-0,265	-0,941	-4,742	6,442	2,265	520,261
61110	0,394	-0,247	-0,847	-1,162	6,485	13,184	519,832
61210	0,412	-0,254	-0,879	-0,891	3,506	9,816	519,403
61310	0,407	-0,254	-0,892	-0,268	3,74	5,381	518,974
61410	0,38	-0,26	-0,819	-4,055	2,298	0,514	518,546
61510	0,408	-0,272	-0,906	-3,183	10,812	-3,828	518,118
61610	0,439	-0,278	-0,949	-0,121	13,062	-6,515	517,69
61710	0,431	-0,29	-0,928	3,342	3,432	-1,61	517,263
61810	0,397	-0,285	-0,879	-2,404	2,539	-3,064	516,835
61910	0,389	-0,289	-0,836	-9,552	4,979	-5,086	516,407
62010	0,405	-0,286	-0,839	-7,05	12,955	-11,522	515,979
62110	0,445	-0,27	-0,844	-6,179	6,197	-21,489	515,551
62210	0,478	-0,292	-0,911	-0,946	-5,94	-14,585	515,123
62310	0,507	-0,306	-0,99	-6,885	-0,43	-13,094	514,695
62410	0,526	-0,299	-1,027	-12,868	-2,781	1,305	514,267
62510	0,54	-0,301	-1,063	-11,595	2,073	9,188	513,839
62610	0,548	-0,292	-1,087	-12,378	-2,467	3,5	513,41
62710	0,513	-0,274	-1,015	-6,423	-8,677	6,587	512,981
62810	0,489	-0,268	-0,961	-7,051	2,22	4,231	512,552
62910	0,498	-0,279	-0,992	-13,098	-0,348	10,881	512,122
63010	0,513	-0,275	-0,989	-12,546	-2,966	27,079	511,692
63110	0,529	-0,275	-1,023	-13,58	1,354	27,372	511,263
63210	0,52	-0,276	-1,025	-16,041	2,565	19,128	510,833
63310	0,521	-0,279	-1,028	-11,578	0,295	23,26	510,404
63410	0,49	-0,271	-0,955	-11,395	-0,095	30,271	509,976
63510	0,465	-0,262	-0,877	-18,501	3,67	28,035	509,547
63610	0,506	-0,279	-0,988	-17,207	2,171	31,126	509,119
63710	0,525	-0,296	-1,093	-15,883	-2,113	33,194	508,691
63810	0,468	-0,273	-0,965	-16,821	7,327	26,108	508,262
63910	0,429	-0,258	-0,832	-13,038	5,888	29,591	507,834
64010	0,425	-0,263	-0,826	-17,564	-3,903	31,381	507,405
64110	0,485	-0,294	-1,014	-24,847	2,958	27,565	506,976
64210	0,522	-0,316	-1,123	-18,813	-0,681	46,384	506,547
64310	0,46	-0,282	-0,948	-9,832	-3,585	62,467	506,118
64410	0,424	-0,261	-0,887	-9,924	11,97	45,538	505,689
64510	0,408	-0,257	-0,868	-21,035	13,572	9,562	505,262
64610	0,416	-0,271	-0,874	-13,843	0,965	8,301	504,835
64710	0,413	-0,28	-0,883	0,606	-2,898	36,748	504,409
64810	0,386	-0,265	-0,824	-10,015	6,525	41,758	503,982
64910	0,396	-0,254	-0,85	-15,68	17,783	34,43	503,554
65010	0,428	-0,26	-0,91	-11,03	13,224	15,093	503,125
65110	0,408	-0,259	-0,869	-3,75	-4,373	4,981	502,696
65210	0,397	-0,265	-0,876	-0,802	-6,689	16,526	502,266
65310	0,397	-0,271	-0,874	-11,699	19,665	10,076	501,837
65410	0,411	-0,267	-0,892	-9,411	20,152	11,908	501,408
65510	0,42	-0,266	-0,901	-1,655	-2,79	12,06	500,979
65610	0,401	-0,265	-0,882	-2,758	-1,408	-0,642	500,55
65710	0,427	-0,283	-0,94	-3,965	17,34	-4,129	500,122
65810	0,437	-0,29	-0,937	-4,035	17,472	-1,016	499,693
65910	0,417	-0,278	-0,874	-0,685	1,353	6,747	499,265
66010	0,408	-0,278	-0,846	-5,566	-3,097	0,342	498,837
66110	0,438	-0,283	-0,898	-15,15	4,301	-14,58	498,408
66210	0,47	-0,29	-0,951	-7,981	15,386	-17,815	497,979
66310	0,473	-0,285	-0,935	6,432	1,34	-2,163	497,55
66410	0,479	-0,282	-0,928	0,951	-11,218	-0,782	497,121
66510	0,472	-0,284	-0,931	-17,291	-5,014	-7,737	496,692
66610	0,462	-0,272	-0,92	-16,67	6,153	1,209	496,262
66710	0,478	-0,263	-0,921	-2,63	3,687	5,453	495,833
66810	0,488	-0,264	-0,94	4,428	-13,271	5,323	495,404
66910	0,48	-0,278	-0,953	-4,872	-5,487	-5,64	494,976
67010	0,487	-0,28	-0,989	-17,018	0,131	-1,515	494,547
67110	0,488	-0,265	-0,974	-8,813	1,951	21,433	494,118
67210	0,507	-0,27	-1,013	-1,574	-0,317	26,507	493,689
67310	0,496	-0,272	-1,02	-12,411	-6,337	7,314	493,26
67410	0,479	-0,27	-0,964	-15,829	5,605	-2,1	492,831
67510	0,482	-0,272	-0,966	-6,248	7,817	16,465	492,401
67610	0,484	-0,272	-0,975	-5,993	-3,986	32,468	491,972
67710	0,478	-0,268	-0,958	-16,564	1,178	28,317	491,543
67810	0,453	-0,26	-0,907	-22,903	10,193	19,236	491,115
67910	0,455	-0,259	-0,903	-14,021	6,931	22,196	490,686
68010	0,47	-0,268	-0,937	-5,928	-2,363	32,181	490,258
68110	0,473	-0,28	-0,965	-14,334	3,774	30,414	489,829
68210	0,462	-0,274	-0,944	-20,407	18,316	28,013	489,4
68310	0,453	-0,264	-0,891	-15,634	11,97	34,24	488,971
68410	0,449	-0,264	-0,881	-14,129	-1,678	35,542	488,542
68510	0,459	-0,274	-0,922	-18,952	3,261	30,837	488,113
68610	0,463	-0,28	-0,929	-16,329	18,537	29,251	487,684
68710	0,452	-0,267	-0,884	-11,671	11,155	31,062	487,255
68810	0,431	-0,268	-0,847	-17,091	-1,763	25,257	486,827
68910	0,431	-0,278	-0,859	-20,03	6,051	21,329	486,398
69010	0,448	-0,273	-0,886	-14,679	12,041	27,557	485,97
69110	0,449	-0,281	-0,894	-7,575	11,122	28,205	485,542
69210	0,452	-0,285	-0,912	-14,1	1,939	11,022	485,114
69310	0,435	-0,289	-0,906	-17,236	1,167	4,96	484,686
69410	0,442	-0,291	-0,888	-6,804	12,836	17,005	484,258
69510	0,449	-0,294	-0,919	-8,342	2,2	21,979	483,83
69610	0,476	-0,301	-0,994	-16,38	-0,667	10,71	483,401
69710	0,469	-0,298	-0,984	-15,7	3,102	5,123	482,972
69810	0,434	-0,289	-0,892	-9,07	5,98	2,573	482,543
69910	0,442	-0,28	-0,892	-1,402	6,348	5,288	482,114
70010	0,451	-0,287	-0,922	-7,76	-1,359	2,809	481,684
70110	0,449	-0,297	-0,911	-17,348	3,121	-9,527	481,255
70210	0,458	-0,284	-0,912	-7,197	2,268	6,032	480,826
70310	0,467	-0,282	-0,921	-1,414	2,922	6,293	480,397
70410	0,475	-0,282	-0,945	-6,556	-0,056	-3,136	479,968
70510	0,489	-0,282	-0,979	-11,162	1,642	-7,468	479,539
70610	0,477	-0,276	-0,968	-8,39	2,438	2,805	479,111
70710	0,442	-0,258	-0,855	-3,569	4,136	13,472	478,682
70810	0,42	-0,248	-0,786	-6,318	7,815	5,322	478,254
70910	0,412	-0,241	-0,766	-11,557	-2,55	5,708	477,826
71010	0,415	-0,242	-0,785	-15,048	0,109	10,554	477,397
71110	0,433	-0,248	-0,821	-12,959	5,162	23,775	476,969
71210	0,462	-0,26	-0,876	-14,644	2,38	29,67	476,54
71310	0,487	-0,265	-0,951	-16,741	2,09	30,182	476,111
71410	0,492	-0,282	-0,97	-20,664	7,34	21,403	475,682
71510	0,502	-0,276	-0,989	-19,334	10,898	23,66	475,253
71610	0,502	-0,278	-0,987	-15,446	-0,243	43,518	474,824
71710	0,485	-0,284	-0,948	-20,103	7,515	39,894	474,395
71810	0,492	-0,284	-0,969	-21,76	12,925	34,641	473,966
71910	0,476	-0,279	-0,921	-20,467	3,84	31,9	473,538
72010	0,449	-0,273	-0,885	-17,714	2,711	32,49	473,111
72110	0,462	-0,289	-0,918	-21,251	1,452	34,381	472,683
72210	0,449	-0,283	-0,888	-21,974	10,821	29,849	472,256
72310	0,442	-0,283	-0,915	-18,248	10,421	26,595	471,828
72410	0,447	-0,296	-0,928	-20,157	3,431	17,45	471,401
72510	0,441	-0,294	-0,922	-18,734	4,287	17,835	470,973
72610	0,436	-0,296	-0,918	-17,512	10,965	18,553	470,545
72710	0,438	-0,294	-0,915	-15,512	11,621	18,935	470,117
72810	0,443	-0,288	-0,913	-16,819	3,939	17,052	469,688
72910	0,437	-0,284	-0,904	-18,051	4,45	13,344	469,26
73010	0,446	-0,293	-0,92	-11,972	9,185	16,543	468,83
73110	0,455	-0,293	-0,929	-11,52	9,879	11,551	468,401
73210	0,455	-0,281	-0,924	-13,555	1,676	12,474	467,972
73310	0,453	-0,295	-0,929	-14,566	0,209	14,33	467,543
73410	0,459	-0,287	-0,922	-14,985	7,16	8,881	467,114
73510	0,497	-0,279	-0,969	-7,178	6,491	11,765	466,686
73610	0,491	-0,288	-0,981	-5,703	0,68	11,15	466,26
73710	0,478	-0,287	-0,942	-11,74	-2,102	9,565	465,835
73810	0,509	-0,305	-1,033	-12,444	2,58	13,753	465,41
73910	0,504	-0,307	-1,052	-5,056	5,627	23,142	464,984
74010	0,464	-0,275	-0,934	-6,728	-3,714	17,178	464,556
74110	0,454	-0,267	-0,88	-12,939	-9,826	5,33	464,128
74210	0,449	-0,276	-0,885	-10,959	1,482	0,991	463,699
74310	0,434	-0,268	-0,883	-10,038	-7,207	9,512	463,27
74410	0,491	-0,291	-0,998	-4,926	-5,45	16,082	462,842
74510	0,509	-0,298	-1,035	-6,626	4,857	1,857	462,413
74610	0,495	-0,292	-1,02	-12,698	-2,41	-9,113	461,985
74710	0,455	-0,274	-0,925	-6,713	2,477	-2,721	461,557
74810	0,382	-0,244	-0,737	-0,453	4,101	10,823	461,129
74910	0,423	-0,263	-0,82	-13,909	2,938	-6,772	460,701
75010	0,484	-0,279	-0,986	-19,312	-3,85	-15,337	460,273
75110	0,476	-0,266	-0,991	-8,236	4,853	-6,905	459,845
75210	0,43	-0,245	-0,841	-1,461	18,721	-5,376	459,417
75310	0,4	-0,236	-0,749	-3,508	5,417	1,145	458,988
75410	0,437	-0,254	-0,857	-16,335	-5,3	6,75	458,56
75510	0,454	-0,26	-0,902	-21,582	-1,581	27,651	458,132
75610	0,46	-0,248	-0,902	-15,245	16,177	39,824	457,704
75710	0,486	-0,243	-0,936	-11,915	13,18	31,865	457,276
75810	0,476	-0,25	-0,92	-15,83	-5,44	24,907	456,847
75910	0,457	-0,266	-0,888	-24,824	3,437	28,182	456,419
76010	0,486	-0,271	-0,904	-30,128	10,47	55,139	455,991
76110	0,508	-0,269	-0,913	-29,193	3,903	77,014	455,563
76210	0,478	-0,268	-0,899	-36,001	6,979	55,994	455,136
76310	0,472	-0,28	-0,948	-36,937	9,424	32,35	454,709
76410	0,481	-0,295	-0,979	-23,751	7,996	40,245	454,282
76510	0,468	-0,3	-0,952	-23,984	9,411	52,947	453,855
76610	0,462	-0,296	-0,944	-36,009	18,928	50,064	453,429
76710	0,464	-0,289	-0,951	-34,865	20,857	47,702	453,002
76810	0,48	-0,299	-1,001	-25,564	8,888	46,922	452,576
76910	0,456	-0,3	-0,982	-22,853	6,077	41,127	452,149
77010	0,44	-0,304	-0,972	-21,582	13,18	42,892	451,723
77110	0,432	-0,298	-0,971	-18,574	22,598	42,321	451,296
77210	0,446	-0,297	-0,995	-19,955	14,084	30,505	450,869
77310	0,449	-0,298	-1,019	-19,382	2,988	20,998	450,442
77410	0,428	-0,295	-0,993	-13,579	11,368	18,159	450,015
77510	0,446	-0,3	-1,02	-11,816	15,939	14,784	449,588
77610	0,45	-0,305	-1,034	-13,45	9,313	9,108	449,16
77710	0,447	-0,303	-1,017	-11,665	-0,22	9,41	448,732
77810	0,447	-0,301	-1,002	-12,699	4,852	2,042	448,304
77910	0,442	-0,301	-0,982	-10,954	9,522	-4,547	447,875
78010	0,441	-0,297	-0,966	-5,105	5,345	-7,257	447,447
78110	0,441	-0,306	-0,973	-5,065	-2,133	-11,161	447,019
78210	0,422	-0,303	-0,912	-9,692	-8,571	-9,791	446,591
78310	0,45	-0,304	-0,961	-7,859	3,538	-9,938	446,163
78410	0,481	-0,295	-0,984	-3,221	7,189	-14,352	445,734
78510	0,485	-0,292	-0,965	3,952	-10,064	-10,553	445,306
78610	0,471	-0,293	-0,962	2,929	-8,775	-12,189	444,878
78710	0,448	-0,276	-0,883	-5,305	-2,251	-9,314	444,45
78810	0,457	-0,273	-0,895	-1,517	4,429	-2,13	444,022
78910	0,466	-0,272	-0,916	1,743	3,523	-12,026	443,595
79010	0,456	-0,263	-0,89	5,292	-7,881	-14,653	443,168
79110	0,465	-0,266	-0,927	3,506	-1,31	-15,866	442,741
79210	0,463	-0,267	-0,921	-5,076	7,259	-19,11	442,315
79310	0,45	-0,254	-0,873	-3,567	6,327	-12,458	441,888
79410	0,439	-0,24	-0,844	-0,283	-5,349	-1,532	441,461
79510	0,43	-0,24	-0,821	-4,637	-2,592	-2,246	441,034
79610	0,453	-0,252	-0,896	-11,909	7,139	-8,506	440,606
79710	0,458	-0,251	-0,92	-11,018	0,43	2,915	440,178
79810	0,455	-0,25	-0,903	-5,7	2,238	14,971	439,75
79910	0,453	-0,25	-0,896	-11,471	0,683	18,68	439,321
80010	0,447	-0,245	-0,887	-21,433	3,943	18,036	438,894
80110	0,446	-0,241	-0,865	-20,916	8,631	25,624	438,466
80210	0,48	-0,249	-0,911	-15,628	1,556	41,536	438,039
80310	0,49	-0,26	-0,935	-20,175	5,878	45,652	437,612
80410	0,484	-0,26	-0,913	-26,248	13,827	42,722	437,184
80510	0,485	-0,261	-0,899	-22,33	12,389	47,251	436,757
80610	0,486	-0,273	-0,898	-23,594	3,755	49,548	436,33
80710	0,493	-0,285	-0,953	-31,698	3,186	47,398	435,903
80810	0,49	-0,286	-0,952	-28,106	13,434	56,106	435,476
80910	0,479	-0,285	-0,919	-23,323	10,983	58,26	435,049
81010	0,468	-0,289	-0,937	-30,246	5,743	40,259	434,622
81110	0,469	-0,297	-0,976	-29,157	13,192	31,618	434,194
81210	0,469	-0,304	-0,982	-20,443	12,242	41,934	433,767
81310	0,466	-0,302	-0,979	-21,483	10,079	41,527	433,339
81410	0,462	-0,303	-0,993	-27,934	11,044	33,061	432,912
81510	0,462	-0,306	-1,001	-23,078	13,468	33,234	432,485
81610	0,444	-0,299	-0,963	-14,461	10,086	37,247	432,057
81710	0,427	-0,295	-0,938	-17,209	4,817	30,609	431,631
81810	0,43	-0,293	-0,969	-17,917	14,7	20,307	431,204
81910	0,436	-0,294	-0,974	-14,717	11,386	15,662	430,778
82010	0,43	-0,294	-0,949	-9,411	2,192	15,336	430,351
82110	0,437	-0,297	-0,978	-9,132	3,443	11,34	429,924
82210	0,449	-0,306	-0,998	-15,492	5,383	1,2	429,497
82310	0,431	-0,293	-0,936	-9,653	7,235	0,679	429,07
82410	0,429	-0,295	-0,948	-1,396	1,044	2,391	428,642
82510	0,458	-0,31	-1,001	-5,539	-0,912	-10,353	428,214
82610	0,457	-0,303	-0,965	-7,999	4,888	-19,991	427,787
82710	0,447	-0,295	-0,925	0,633	3,705	-11,573	427,36
82810	0,468	-0,289	-0,912	4,597	4,209	-9,324	426,933
82910	0,467	-0,287	-0,906	-0,786	1,044	-15,746	426,506
83010	0,462	-0,281	-0,891	-4,592	-5,481	-11,668	426,08
83110	0,474	-0,274	-0,907	-3,564	1,344	-9,991	425,653
83210	0,468	-0,263	-0,899	0,431	3,34	-11,245	425,226
83310	0,473	-0,258	-0,904	1,086	-0,866	-14,336	424,798
83410	0,487	-0,265	-0,947	-1,335	-5,077	-9,663	424,371
83510	0,49	-0,269	-0,955	-5,093	-0,188	2,481	423,943
83610	0,486	-0,254	-0,944	-6,668	7,543	11,358	423,515
83710	0,477	-0,244	-0,925	-8,098	1,405	15,585	423,088
83810	0,476	-0,256	-0,924	-10,641	-1,505	9,371	422,66
83910	0,478	-0,257	-0,94	-10,23	2,636	16,261	422,233
84010	0,477	-0,256	-0,932	-12,135	6,348	30,647	421,806
84110	0,49	-0,265	-0,94	-18,014	5,975	35,436	421,379
84210	0,487	-0,259	-0,921	-21,281	3,795	37,903	420,952
84310	0,49	-0,268	-0,949	-21,694	4,403	39,629	420,526
84410	0,489	-0,279	-0,958	-22,025	7,572	40,163	420,1
84510	0,506	-0,274	-0,972	-21,484	6,374	43,108	419,674
84610	0,508	-0,283	-0,989	-22,891	9,13	40,734	419,247
84710	0,473	-0,281	-0,934	-24,393	8,098	39,278	418,819
84810	0,465	-0,283	-0,91	-22,694	3,343	46,418	418,392
84910	0,453	-0,28	-0,892	-22,768	7,447	44,537	417,964
85010	0,444	-0,278	-0,908	-24,5	11,19	34,139	417,536
85110	0,442	-0,278	-0,909	-19,282	10,837	30,14	417,108
85210	0,448	-0,284	-0,919	-15,878	3,386	32,185	416,681
85310	0,436	-0,28	-0,905	-18,749	6,928	30,06	416,254
85410	0,441	-0,28	-0,914	-18,854	12,59	30,732	415,826
85510	0,445	-0,284	-0,922	-14,852	8,872	32,136	415,399
85610	0,432	-0,279	-0,904	-16,324	4,236	23,557	414,972
85710	0,437	-0,287	-0,934	-17,963	4,145	17,766	414,545
85810	0,445	-0,302	-0,974	-13,007	9,523	17,626	414,117
85910	0,453	-0,301	-0,991	-9,286	8,125	16,039	413,689
86010	0,449	-0,296	-0,975	-10,388	1,611	12,45	413,261
86110	0,441	-0,3	-0,949	-12,87	2,387	4,939	412,832
86210	0,422	-0,291	-0,899	-9,9	5,146	1,249	412,404
86310	0,432	-0,287	-0,895	-5,525	3,322	-1,176	411,978
86410	0,45	-0,292	-0,906	-4,448	3,432	-9,388	411,553
86510	0,438	-0,289	-0,901	-4,574	-0,442	-8,001	411,127
86610	0,461	-0,292	-0,934	-5,836	-3,947	1,02	410,7
86710	0,471	-0,296	-0,968	-5,439	5,414	-2,617	410,272
86810	0,458	-0,281	-0,92	-1,873	2,123	-4,595	409,844
86910	0,45	-0,273	-0,896	0,077	-5,11	-6,632	409,417
87010	0,447	-0,275	-0,899	-3,064	-2,078	-13,622	408,99
87110	0,45	-0,266	-0,88	-2,589	3,286	-9,22	408,563
87210	0,445	-0,268	-0,883	-1,082	2,278	-5,681	408,137
87310	0,457	-0,264	-0,893	-1,63	1,731	-9,716	407,71
87410	0,457	-0,263	-0,903	-1,073	2,789	-7,826	407,284
87510	0,465	-0,262	-0,926	-4,64	2,378	-6,391	406,857
87610	0,467	-0,266	-0,929	-8,552	2,242	-4,239	406,429
87710	0,454	-0,251	-0,905	-7,464	1,346	5,192	406,001
87810	0,446	-0,24	-0,882	-9,056	5,62	11,859	405,574
87910	0,432	-0,233	-0,834	-14,239	5,235	14,761	405,147
88010	0,443	-0,233	-0,851	-15,842	4,234	22,216	404,72
88110	0,462	-0,246	-0,887	-17,102	0,239	37,219	404,294
88210	0,478	-0,254	-0,917	-20,994	5,37	46,493	403,867
88310	0,488	-0,262	-0,918	-20,935	12,143	45,834	403,441
88410	0,488	-0,265	-0,929	-20,493	6,116	39,241	403,015
88510	0,49	-0,284	-0,982	-23,358	-1,721	37,993	402,588
88610	0,453	-0,274	-0,906	-22,748	4,851	49,673	402,16
88710	0,452	-0,273	-0,879	-19,314	12,123	60,878	401,732
88810	0,459	-0,277	-0,913	-24,278	7,663	51,586	401,305
88910	0,433	-0,268	-0,877	-28,033	7,051	31,94	400,877
89010	0,434	-0,275	-0,871	-25,753	0,939	27,012	400,45
89110	0,433	-0,282	-0,883	-19,931	6,32	34,569	400,023
89210	0,428	-0,278	-0,885	-15,223	12,744	46,203	399,597
89310	0,461	-0,281	-0,949	-19,938	14,015	35,833	399,171
89410	0,456	-0,276	-0,95	-19,274	10,117	24,746	398,745
89510	0,453	-0,284	-0,952	-14,14	0,2	27,783	398,32
89610	0,457	-0,29	-0,963	-12,36	3,004	32,869	397,894
89710	0,452	-0,282	-0,971	-12,765	10,439	35,672	397,469
89810	0,504	-0,295	-1,087	-13,851	12,268	23,946	397,043
89910	0,48	-0,291	-1,029	-8,195	4	12,235	396,617
90010	0,406	-0,276	-0,859	-2,896	-4,523	11,101	396,191
90110	0,398	-0,284	-0,838	-6,147	7,741	4,372	395,764
90210	0,414	-0,283	-0,855	-9,183	9,534	1,437	395,337
90310	0,428	-0,281	-0,864	-6,559	1,805	-3,384	394,91
90410	0,42	-0,278	-0,85	-0,083	-2,84	-6,919	394,483
90510	0,424	-0,275	-0,846	1,108	0,919	-9,269	394,055
90610	0,446	-0,278	-0,88	-5,641	6,753	-16,229	393,628
90710	0,495	-0,306	-0,997	-7,077	-4,715	-13,546	393,2
90810	0,526	-0,317	-1,082	1,148	-7,047	-5,758	392,773
90910	0,572	-0,309	-1,157	2,246	11,464	-18,643	392,347
91010	0,624	-0,328	-1,256	0,408	3,838	-23,957	391,92
91110	0,573	-0,315	-1,185	4,212	-5,932	-6,925	391,494
91210	0,492	-0,279	-1,028	-2,164	4,274	-2,204	391,068
91310	0,48	-0,264	-0,948	-11,097	5,917	-8,491	390,642
91410	0,498	-0,264	-0,961	-2,301	-3,825	0,935	390,216
91510	0,479	-0,272	-0,975	0,23	-7,976	4,895	389,789
91610	0,449	-0,265	-0,917	-10,389	1,146	-0,147	389,362
91710	0,473	-0,26	-0,923	-12,918	6,9	4,574	388,935
91810	0,486	-0,264	-0,958	-9,292	1,132	11,011	388,506
91910	0,474	-0,271	-0,957	-7,566	-6,1	20,607	388,077
92010	0,474	-0,267	-0,952	-17,638	5,515	13,982	387,649
92110	0,463	-0,263	-0,911	-23,751	5,11	15,078	387,223
92210	0,454	-0,257	-0,874	-18,415	0,076	26,973	386,8
92310	0,442	-0,25	-0,848	-19,026	-1,84	35,381	386,377
92410	0,428	-0,253	-0,819	-24,811	5,247	42,49	385,95
92510	0,484	-0,269	-0,952	-25,409	13,223	51,73	385,521
92610	0,532	-0,291	-1,049	-31,079	3,641	51,529	385,092
92710	0,527	-0,294	-1,021	-32,683	9,811	48,276	384,665
92810	0,509	-0,262	-0,916	-24,862	19,436	54,828	384,238
92910	0,481	-0,256	-0,816	-27,12	8,617	56,096	383,813
93010	0,485	-0,285	-0,884	-35,749	2,87	50,716	383,388
93110	0,498	-0,305	-0,946	-45,798	7,215	37,938	382,963
93210	0,501	-0,327	-0,994	-34,115	7,582	50,805	382,538
93310	0,487	-0,337	-1,01	-19,775	6,728	59,134	382,112
93410	0,479	-0,35	-1,065	-26,324	21,971	21,316	381,687
93510	0,468	-0,338	-1,105	-25,374	19,516	4,072	381,261
93610	0,531	-0,352	-1,216	-22,003	-1,828	16,504	380,834
93710	0,584	-0,369	-1,348	-19,471	2,978	32,918	380,407
93810	0,547	-0,336	-1,274	-18,568	20,324	38,494	379,98
93910	0,525	-0,31	-1,186	-21,075	14,88	27,059	379,553
94010	0,491	-0,3	-1,091	-20,273	-1,981	10,109	379,127
94110	0,446	-0,3	-1,008	-9,4	1,713	9,463	378,701
94210	0,463	-0,314	-1,046	-10,84	14,253	5,675	378,276
94310	0,453	-0,296	-0,973	-13,815	15,061	2,619	377,851
94410	0,412	-0,27	-0,853	-8,707	-4,264	16,998	377,426
94510	0,397	-0,269	-0,817	-19,28	-5,54	4,986	377
94610	0,406	-0,269	-0,844	-16,925	3,888	4,367	376,574
94710	0,419	-0,266	-0,858	-5,414	2,947	13,219	376,147
94810	0,404	-0,25	-0,813	-1,414	0,997	7,396	375,721
94910	0,389	-0,244	-0,783	-6,915	-7,739	2,291	375,295
95010	0,416	-0,267	-0,866	-16,832	-1,056	-11,141	374,868
95110	0,423	-0,265	-0,88	-4,165	6,193	-1,897	374,442
95210	0,428	-0,259	-0,891	10,399	-4,675	14,389	374,016
95310	0,453	-0,272	-0,944	0,803	-4,148	-2,377	373,59
95410	0,429	-0,27	-0,886	-7,903	-3,696	-8,517	373,164
95510	0,428	-0,27	-0,894	1,584	3,485	4,52	372,738
95610	0,447	-0,272	-0,928	8,93	9,246	3,489	372,311
95710	0,464	-0,272	-0,949	9,477	3,871	-4,702	371,885
95810	0,433	-0,259	-0,882	3,11	4,924	-16,453	371,459
95910	0,39	-0,246	-0,77	-5,432	4,829	-21,439	371,032
96010	0,377	-0,236	-0,723	-3,379	6,667	-12,241	370,606
96110	0,405	-0,243	-0,802	-1,488	5,076	-8,217	370,179
96210	0,452	-0,26	-0,888	-7,514	4,56	-22,766	369,753
96310	0,463	-0,265	-0,908	-10,155	-4,092	-24,354	369,327
96410	0,453	-0,256	-0,913	-7,895	-4,501	-5,128	368,901
96510	0,447	-0,252	-0,881	-11,842	0,249	13,938	368,476
96610	0,417	-0,228	-0,763	-20,837	-0,67	20,557	368,05
96710	0,408	-0,217	-0,743	-24,543	-0,732	18,125	367,624
96810	0,456	-0,256	-0,838	-20,959	-9,724	33,42	367,198
96910	0,459	-0,246	-0,829	-23,47	-8,551	55,835	366,771
97010	0,546	-0,273	-1,041	-28,982	12,001	59,701	366,345
97110	0,588	-0,303	-1,152	-30,948	15,794	49,654	365,918
97210	0,492	-0,278	-0,991	-30,205	13,399	31,092	365,491
97310	0,438	-0,27	-0,858	-31,848	-1,176	31,046	365,065
97410	0,457	-0,287	-0,863	-36,271	-6,879	56,061	364,639
97510	0,497	-0,308	-0,963	-39,597	11,988	76,894	364,213
97610	0,482	-0,295	-0,96	-40,644	20,084	75,639	363,787
97710	0,471	-0,296	-0,996	-35,48	20,995	48,868	363,363
97810	0,49	-0,316	-1,084	-27,902	19,45	18,563	362,938
97910	0,479	-0,329	-1,08	-21,151	18,846	13,829	362,514
98010	0,471	-0,323	-1,028	-20,919	17,236	33,06	362,09
98110	0,463	-0,304	-0,993	-25,525	26,761	39,782	361,666
98210	0,464	-0,299	-1,005	-26,576	23,35	29,55	361,24
98310	0,466	-0,303	-0,991	-16,925	10,996	18,779	360,814
98410	0,464	-0,309	-0,993	-13,158	13,146	3,808	360,387
98510	0,475	-0,313	-1,02	-24,347	11,623	-5,9	359,96
98610	0,469	-0,309	-0,978	-29,743	9,855	3,97	359,535
98710	0,466	-0,305	-0,958	-29,146	4,413	16,281	359,111
98810	0,514	-0,314	-1,075	-26,915	-1,167	16,319	358,687
98910	0,551	-0,329	-1,181	-24,773	5,975	1,639	358,263
99010	0,565	-0,336	-1,195	-19,304	8,699	-7,194	357,838
99110	0,548	-0,323	-1,13	-15,178	0,293	-4,19	357,412
99210	0,513	-0,31	-1,032	-18,922	-5	-0,012	356,985
99310	0,527	-0,307	-1,063	-25,282	-5,88	2,682	356,558
99410	0,541	-0,302	-1,103	-18,537	-2,716	9,158	356,132
99510	0,538	-0,289	-1,089	-4,608	-4,61	12,709	355,706
99610	0,521	-0,276	-1,05	-6,68	-9,211	-3,369	355,282
99710	0,504	-0,275	-0,999	-6,568	-3,931	-8,938	354,858
99810	0,514	-0,284	-1,037	-1,742	-8,118	13,795	354,435
99910	0,513	-0,276	-1,05	-2,241	-7,43	27,925	354,013
100010	0,523	-0,272	-1,059	-1,304	-2,234	19,684	353,59
100110	0,543	-0,286	-1,137	-0,063	-11,063	8,33	353,165
100210	0,552	-0,302	-1,206	10,327	-8,812	15,318	352,74
100310	0,512	-0,287	-1,124	11,285	1,511	16,754	352,314
100410	0,47	-0,263	-0,987	4,697	0,674	10,493	351,887
100510	0,446	-0,251	-0,904	6,686	-2,549	8,317	351,46
100610	0,39	-0,233	-0,785	5,068	-3,487	-1,041	351,034
100710	0,368	-0,235	-0,737	10,535	10,007	-5,468	350,608
100810	0,368	-0,229	-0,707	7,946	11,177	-15,979	350,183
100910	0,397	-0,248	-0,765	-2,261	0,762	-31,578	349,757
101010	0,412	-0,264	-0,804	-4,975	5,762	-39,072	349,332
101110	0,462	-0,273	-0,904	-4,15	9,609	-35,584	348,906
101210	0,539	-0,303	-1,109	-10,915	-13,307	-28,209	348,48
101310	0,572	-0,319	-1,216	-21,523	-22,957	-24,654	348,053
101410	0,542	-0,303	-1,138	-25,174	-12,928	-19,079	347,627
101510	0,459	-0,266	-0,956	-17,358	-15,929	-1,739	347,2
101610	0,446	-0,255	-0,942	-6,244	-8,072	4,938	346,774
101710	0,405	-0,237	-0,858	-1,288	-10,455	11,306	346,348
101810	0,397	-0,245	-0,805	-6,49	-11,459	20,809	345,922
101910	0,204	-0,146	-0,503	-28,908	-18,089	32,157	345,497
102010	1,101	-0,197	-1,675	52,86	24,104	109,289	345,072
102110	1,394	-0,32	-2,242	47,287	76,738	-37,004	344,648
102210	0,536	-0,306	-0,294	-61,745	-55,971	130,676	344,224
102310	0,595	-0,195	-0,532	-197,582	40,611	260,872	343,799
102410	0,638	-0,455	0,48	-20,174	136,507	222,722	343,375
102510	0,261	-0,431	1,115	61,379	86,514	205,53	342,949
102610	0,22	-0,163	-0,719	-167,954	69,279	51,668	342,522
102710	-0,206	-0,34	0,369	88,9	1,837	137,446	342,095
102810	0,598	0,637	0,054	116,322	24,615	73,486	341,669
102910	1,573	0,984	-0,984	-41,163	0,28	48,215	341,244
103010	0,623	0,48	-0,248	4,078	15,489	1,314	340,822
103110	0,767	0,581	-0,278	-8,83	0,923	6,891	340,4
103210	0,751	0,559	-0,259	-5,957	4,296	5,61	339,977
103310	0,757	0,562	-0,26	-6,765	3,372	6,157	339,554
103410	0,753	0,562	-0,261	-6,51	3,655	5,924	339,13
103510	0,756	0,562	-0,262	-6,589	3,572	6,016	338,706
103610	0,755	0,561	-0,263	-6,571	3,583	5,928	338,281
103710	0,753	0,56	-0,262	-6,603	3,579	5,997	337,855
103810	0,754	0,561	-0,262	-6,582	3,581	5,94	337,43
103910	0,758	0,562	-0,262	-6,6	3,579	5,977	337,004
104010	0,76	0,56	-0,262	-6,586	3,587	5,964	336,579
104110	0,759	0,56	-0,262	-6,586	3,599	5,99	336,155
104210	0,758	0,559	-0,262	-6,598	3,586	5,974	335,731
104310	0,758	0,559	-0,262	-6,593	3,584	5,932	335,308
104410	0,758	0,561	-0,261	-6,605	3,556	5,939	334,885
104510	0,759	0,561	-0,263	-6,604	3,547	5,95	334,461
104610	0,758	0,559	-0,264	-6,595	3,605	5,983	334,038
104710	0,758	0,559	-0,261	-6,593	3,588	5,975	333,614
104810	0,759	0,561	-0,26	-6,604	3,574	5,981	333,19
104910	0,758	0,56	-0,261	-6,605	3,601	5,961	332,766
105010	0,756	0,561	-0,26	-6,592	3,589	5,951	332,341
105110	0,757	0,56	-0,261	-6,604	3,571	5,963	331,918
105210	0,76	0,561	-0,263	-6,607	3,569	5,966	331,494
105310	0,759	0,561	-0,261	-6,584	3,589	5,943	331,07
105410	0,757	0,56	-0,261	-6,587	3,597	5,951	330,646
105510	0,757	0,56	-0,263	-6,597	3,593	5,977	330,221
105610	0,759	0,56	-0,262	-6,596	3,605	5,952	329,796
105710	0,76	0,561	-0,261	-6,595	3,601	5,946	329,371
105810	0,758	0,559	-0,261	-6,597	3,568	5,948	328,946
105910	0,758	0,56	-0,261	-6,594	3,571	5,945	328,521
106010	0,76	0,56	-0,262	-6,598	3,582	5,956	328,097
106110	0,76	0,559	-0,261	-6,585	3,578	5,954	327,672
106210	0,758	0,562	-0,261	-6,594	3,589	5,958	327,247
106310	0,759	0,561	-0,261	-6,609	3,589	5,985	326,821
106410	0,76	0,559	-0,262	-6,581	3,579	5,96	326,396
106510	0,758	0,56	-0,264	-6,603	3,578	5,953	325,97
106610	0,759	0,56	-0,263	-6,619	3,591	5,956	325,544
106710	0,76	0,56	-0,262	-6,589	3,58	5,951	325,119
106810	0,758	0,559	-0,262	-6,601	3,579	5,965	324,693
106910	0,757	0,559	-0,26	-6,582	3,582	5,955	324,268
107010	0,758	0,56	-0,259	-6,607	3,577	5,942	323,843
107110	0,758	0,56	-0,261	-6,605	3,589	5,964	323,418
107210	0,759	0,559	-0,262	-6,593	3,593	5,968	322,994
107310	0,758	0,559	-0,261	-6,597	3,609	5,935	322,569
107410	0,757	0,56	-0,261	-6,593	3,584	5,936	322,145
107510	0,757	0,559	-0,262	-6,605	3,586	5,958	321,72
107610	0,758	0,56	-0,261	-6,603	3,599	5,955	321,295
107710	0,759	0,559	-0,261	-6,599	3,587	5,951	320,871
107810	0,758	0,559	-0,262	-6,579	3,586	5,964	320,446
107910	0,759	0,559	-0,262	-6,578	3,596	5,961	320,022
108010	0,76	0,557	-0,261	-6,594	3,599	5,963	319,598
108110	0,76	0,559	-0,262	-6,617	3,577	5,956	319,174
108210	0,761	0,56	-0,262	-6,595	3,58	5,942	318,75
108310	0,76	0,559	-0,262	-6,582	3,583	5,962	318,326
108410	0,762	0,557	-0,262	-6,607	3,569	5,979	317,901
108510	0,761	0,559	-0,261	-6,605	3,577	5,934	317,476
108610	0,757	0,56	-0,261	-6,589	3,559	5,932	317,051
108710	0,759	0,558	-0,261	-6,572	3,581	5,976	316,626
108810	0,761	0,56	-0,262	-6,605	3,59	5,972	316,201
108910	0,759	0,56	-0,263	-6,612	3,584	5,952	315,777
109010	0,756	0,559	-0,263	-6,612	3,601	5,953	315,353
109110	0,763	0,559	-0,263	-6,603	3,578	5,965	314,929
109210	0,763	0,559	-0,262	-6,6	3,57	5,957	314,506
109310	0,756	0,559	-0,262	-6,617	3,576	5,935	314,082
109410	0,759	0,558	-0,263	-6,592	3,56	5,945	313,659
109510	0,759	0,558	-0,263	-6,594	3,579	5,966	313,234
109610	0,756	0,558	-0,262	-6,604	3,6	5,958	312,81
109710	0,755	0,558	-0,262	-6,605	3,585	5,925	312,384
109810	0,757	0,558	-0,261	-6,595	3,589	5,899	311,959
109910	0,757	0,558	-0,261	-6,595	3,58	5,947	311,534
110010	0,757	0,559	-0,261	-6,596	3,576	5,984	311,108
110110	0,758	0,559	-0,261	-6,594	3,599	5,969	310,683
110210	0,759	0,558	-0,261	-6,6	3,598	5,958	310,258
110310	0,757	0,56	-0,26	-6,575	3,578	5,973	309,833
110410	0,759	0,561	-0,262	-6,587	3,577	5,913	309,408
110510	0,76	0,56	-0,261	-6,602	3,597	5,889	308,983
110610	0,757	0,559	-0,261	-6,577	3,603	5,944	308,558
110710	0,758	0,559	-0,26	-6,58	3,602	5,962	308,133
110810	0,758	0,559	-0,261	-6,586	3,559	5,973	307,707
110910	0,757	0,559	-0,263	-6,603	3,562	5,964	307,282
111010	0,757	0,559	-0,26	-6,616	3,581	5,994	306,857
111110	0,756	0,558	-0,261	-6,593	3,543	6,008	306,433
111210	0,76	0,559	-0,262	-6,589	3,554	5,968	306,008
111310	0,761	0,56	-0,261	-6,578	3,584	5,944	305,584
111410	0,759	0,558	-0,262	-6,586	3,587	5,943	305,16
111510	0,759	0,558	-0,262	-6,602	3,592	5,918	304,735
111610	0,758	0,56	-0,261	-6,576	3,571	5,935	304,311
111710	0,756	0,559	-0,262	-6,585	3,564	5,968	303,887
111810	0,759	0,559	-0,261	-6,607	3,566	5,955	303,462
111910	0,761	0,557	-0,26	-6,601	3,563	5,942	303,037
112010	0,758	0,56	-0,262	-6,611	3,572	5,963	302,612
112110	0,759	0,561	-0,262	-6,616	3,583	5,972	302,188
112210	0,761	0,559	-0,26	-6,585	3,573	5,963	301,763
112310	0,76	0,561	-0,261	-6,577	3,562	5,946	301,338
112410	0,758	0,561	-0,261	-6,592	3,573	5,938	300,914
112510	0,758	0,559	-0,262	-6,578	3,581	5,939	300,49
112610	0,758	0,559	-0,261	-6,58	3,585	5,946	300,066
112710	0,757	0,557	-0,262	-6,586	3,607	5,957	299,641
112810	0,759	0,558	-0,261	-6,606	3,598	5,952	299,217
112910	0,759	0,559	-0,26	-6,604	3,575	5,959	298,792
113010	0,76	0,559	-0,261	-6,602	3,59	5,937	298,367
113110	0,759	0,561	-0,26	-6,606	3,59	5,931	297,942
113210	0,759	0,56	-0,261	-6,593	3,578	5,93	297,517
113310	0,759	0,559	-0,261	-6,597	3,582	5,987	297,091
113410	0,76	0,559	-0,262	-6,594	3,573	5,967	296,666
113510	0,76	0,558	-0,262	-6,599	3,561	5,92	296,242
113610	0,759	0,559	-0,261	-6,584	3,575	5,953	295,818
113710	0,758	0,558	-0,26	-6,596	3,571	5,992	295,394
113810	0,759	0,558	-0,262	-6,603	3,578	5,975	294,971
113910	0,761	0,561	-0,262	-6,609	3,593	5,933	294,548
114010	0,759	0,56	-0,261	-6,576	3,571	5,934	294,126
114110	0,759	0,557	-0,261	-6,581	3,56	5,924	293,703
114210	0,757	0,558	-0,262	-6,627	3,584	5,961	293,281
114310	0,759	0,559	-0,261	-6,611	3,629	5,899	292,858
114410	0,76	0,559	-0,262	-6,593	3,595	5,913	292,435
114510	0,762	0,559	-0,263	-6,597	3,567	5,993	292,012
114610	0,76	0,558	-0,261	-6,592	3,577	5,964	291,587
114710	0,761	0,558	-0,262	-6,566	3,557	5,974	291,162
114810	0,76	0,557	-0,261	-6,589	3,543	6,001	290,736
114910	0,758	0,557	-0,261	-6,6	3,574	5,969	290,311
115010	0,758	0,559	-0,26	-6,578	3,586	5,949	289,886
115110	0,758	0,557	-0,26	-6,575	3,559	5,967	289,461
115210	0,76	0,556	-0,262	-6,608	3,572	5,953	289,037
115310	0,761	0,558	-0,262	-6,605	3,588	5,952	288,612
115410	0,761	0,557	-0,261	-6,59	3,598	5,968	288,187
115510	0,762	0,556	-0,261	-6,613	3,588	5,942	287,762
115610	0,76	0,557	-0,261	-6,62	3,579	5,952	287,337
115710	0,759	0,557	-0,261	-6,613	3,58	5,969	286,911
115810	0,761	0,557	-0,263	-6,592	3,582	5,941	286,486
115910	0,762	0,559	-0,263	-6,596	3,572	5,953	286,061
116010	0,761	0,559	-0,26	-6,595	3,57	5,972	285,636
116110	0,761	0,559	-0,26	-6,599	3,586	5,973	285,212
116210	0,76	0,56	-0,262	-6,626	3,563	5,951	284,789
116310	0,76	0,559	-0,263	-6,6	3,554	5,953	284,367
116410	0,76	0,558	-0,26	-6,599	3,566	5,962	283,946
116510	0,761	0,557	-0,262	-6,624	3,572	5,967	283,524
116610	0,758	0,556	-0,261	-6,609	3,58	5,936	283,099
116710	0,757	0,558	-0,26	-6,61	3,587	5,933	282,674
116810	0,761	0,558	-0,261	-6,616	3,594	5,964	282,249
116910	0,762	0,556	-0,26	-6,591	3,562	5,934	281,826
117010	0,759	0,557	-0,262	-6,604	3,561	5,945	281,404
117110	0,759	0,556	-0,261	-6,608	3,586	5,964	280,981
117210	0,757	0,558	-0,259	-6,582	3,571	5,965	280,557
117310	0,761	0,557	-0,261	-6,596	3,569	5,944	280,133
117410	0,762	0,557	-0,262	-6,604	3,592	5,944	279,709
117510	0,759	0,559	-0,261	-6,603	3,582	5,959	279,285
117610	0,76	0,558	-0,26	-6,604	3,562	5,944	278,861
117710	0,759	0,559	-0,261	-6,6	3,565	5,948	278,436
117810	0,76	0,557	-0,262	-6,568	3,569	5,946	278,012
117910	0,761	0,558	-0,261	-6,575	3,591	5,951	277,587
118010	0,76	0,558	-0,261	-6,611	3,583	5,975	277,163
118110	0,761	0,558	-0,263	-6,592	3,56	5,958	276,738
118210	0,761	0,556	-0,261	-6,598	3,573	5,97	276,313
118310	0,76	0,558	-0,26	-6,589	3,581	5,974	275,889
118410	0,758	0,558	-0,261	-6,578	3,581	5,951	275,464
118510	0,757	0,555	-0,259	-6,582	3,573	5,95	275,039
118610	0,76	0,557	-0,259	-6,577	3,563	5,932	274,615
118710	0,759	0,556	-0,26	-6,592	3,566	5,96	274,192
118810	0,759	0,557	-0,261	-6,577	3,564	5,948	273,768
118910	0,76	0,559	-0,262	-6,584	3,57	5,935	273,346
119010	0,759	0,557	-0,261	-6,613	3,591	5,949	272,923
119110	0,762	0,557	-0,26	-6,623	3,587	5,946	272,5
119210	0,761	0,558	-0,262	-6,602	3,59	5,948	272,078
119310	0,758	0,559	-0,26	-6,594	3,577	5,945	271,655
119410	0,76	0,557	-0,26	-6,598	3,59	5,956	271,231
119510	0,759	0,558	-0,261	-6,585	3,584	5,957	270,808
119610	0,759	0,558	-0,26	-6,589	3,562	5,945	270,384
119710	0,76	0,558	-0,261	-6,585	3,605	5,948	269,961
119810	0,761	0,558	-0,261	-6,599	3,578	5,945	269,537
119910	0,762	0,558	-0,26	-6,588	3,57	5,953	269,113
120010	0,762	0,558	-0,261	-6,587	3,576	5,966	268,69
120110	0,762	0,558	-0,26	-6,592	3,561	5,952	268,265
120210	0,762	0,557	-0,26	-6,573	3,576	5,95	267,841
120310	0,758	0,559	-0,26	-6,603	3,616	5,826	267,417
120410	0,76	0,559	-0,261	-6,631	3,613	5,872	266,993
120510	0,761	0,558	-0,263	-6,621	3,595	5,997	266,568
120610	0,757	0,561	-0,26	-6,6	3,582	5,983	266,144
120710	0,76	0,559	-0,26	-6,605	3,564	5,924	265,72
120810	0,758	0,559	-0,261	-6,598	3,553	5,94	265,295
120910	0,758	0,558	-0,262	-6,58	3,573	5,927	264,871
121010	0,759	0,559	-0,261	-6,571	3,58	5,908	264,448
121110	0,762	0,556	-0,265	-6,625	3,641	5,294	264,024
121210	0,764	0,558	-0,264	-6,676	3,585	5,828	263,601
121310	0,761	0,565	-0,262	-6,641	3,464	6,859	263,178
121410	0,756	0,562	-0,261	-6,651	3,569	6,271	262,755
121510	0,751	0,564	-0,263	-6,471	3,592	5,779	262,332
121610	0,768	0,559	-0,253	-7,104	3,637	6,757	261,909
121710	0,707	0,586	-0,289	-4,768	3,713	-0,525	261,487
121810	0,737	0,611	-0,224	-7,885	3,117	3,285	261,066
121910	0,294	0,463	-0,417	2,042	7,079	-51,213	260,643
122010	0,295	0,664	-0,484	3,209	22,921	-9,091	260,22
122110	0,501	0,848	-0,231	-11,239	16,955	59,215	259,795
122210	0,196	0,727	-0,288	-5,963	2,915	6,646	259,371
122310	0,398	0,79	-0,26	-6,754	4,998	11,355	258,946
122410	0,365	0,775	-0,268	-6,555	3,166	4,169	258,522
122510	0,384	0,783	-0,268	-6,593	3,639	6,039	258,098
122610	0,387	0,784	-0,269	-6,611	3,528	5,664	257,674
122710	0,385	0,784	-0,269	-6,672	3,541	5,912	257,251
122810	0,39	0,783	-0,266	-6,671	3,468	5,632	256,828
122910	0,385	0,783	-0,269	-6,594	3,489	5,53	256,406
123010	0,383	0,784	-0,27	-6,569	3,544	5,699	255,984
123110	0,388	0,783	-0,266	-6,626	3,579	6,078	255,562
123210	0,386	0,783	-0,267	-6,674	3,565	6,022	255,14
123310	0,386	0,784	-0,269	-6,6	3,601	5,972	254,718
123410	0,387	0,782	-0,269	-6,661	3,488	5,628	254,296
123510	0,386	0,782	-0,269	-6,675	3,456	5,46	253,873
123610	0,383	0,784	-0,27	-6,624	3,482	5,523	253,45
123710	0,383	0,784	-0,266	-6,576	3,525	5,741	253,027
123810	0,383	0,784	-0,268	-6,483	3,702	6,397	252,603
123910	0,385	0,784	-0,27	-6,598	3,6	6,01	252,179
124010	0,386	0,783	-0,268	-6,616	3,544	5,832	251,755
124110	0,389	0,784	-0,264	-6,537	3,596	6,162	251,331
124210	0,39	0,785	-0,266	-6,511	3,684	6,365	250,907
124310	0,391	0,783	-0,268	-6,593	3,629	6,047	250,483
124410	0,39	0,782	-0,266	-6,585	3,607	6,005	250,059
124510	0,388	0,782	-0,269	-6,593	3,612	5,994	249,635
124610	0,393	0,781	-0,268	-6,617	3,561	5,884	249,211
124710	0,388	0,781	-0,269	-6,598	3,55	5,815	248,787
124810	0,386	0,781	-0,27	-6,621	3,583	5,879	248,362
124910	0,387	0,782	-0,27	-6,616	3,593	5,951	247,938
125010	0,385	0,783	-0,269	-6,55	3,603	5,975	247,515
125110	0,388	0,783	-0,266	-6,588	3,566	5,957	247,092
125210	0,39	0,782	-0,268	-6,575	3,578	5,974	246,67
125310	0,39	0,783	-0,269	-6,606	3,547	5,784	246,249
125410	0,39	0,785	-0,27	-6,777	3,376	5,247	245,828
